13
48
55
39
2309
9
9
54
23
11
68
28
18
30
12
0
23
4
23
2
49
17
49
3
24
30
16
25
46
10
49
26
9
28
11
13
31
17
9
30
6
118
25
7
17
10
26
27
3
66
10
10
12
39
13
37
29
1
26
11
59
15
18
28
3
172
23
22
6
13
26
28
7
21
34
29
21
5
12
21
41
30
29
22
13
2
194
4
27
12
27
10
10
35
7
15
19
2
10
31
9
5
34
24
43
14
34
34
24
3
4
92
25
15
51
8
22
16
12
20
28
22
47
11
14
67
1
6
16
46
7
18
44
28
149
28
6
24
20
6
4
2
5
116
26
15
56
73
20
11
27
20
4
6
1
32
37
27
111
11
25
15
49
50
6
0
8
20
20
11
52
17
41
319
5
43
56
16
43
5
22
29
27
57
28
10
44
17
7
14
25
9
23
5
11
6
20
12
77
3
5
32
23
54
8
64
13
20
44
8
3
35
11
28
2
50
9
14
5
37
336
17
41
4
20
13
22
19
50
41
22
103
8
19
23
17
42
22
23
16
14
30
1
17
33
10
0
52
29
14
19
34
22
17
20
122
10
14
1
22
18
66
28
19
25
45
24
21
27
0
24
44
1
4
9
20
24
2
45
36
3
78
40
4
8
41
18
12
23
19
4
12
9
27
452
18
5
25
37
3
9
44
47
25
6
28
13
10
30
21
7
9
0
8
8
44
11
47
2
13
4
13
18
22
3
37
15
4
32
32
80
3
23
2
4
6
47
1
18
8
26
67
10
62
29
10
20
50
7
16
73
17
32
52
37
19
35
13
17
12
9
13
48
32
7
56
28
11
9
11
5
3
23
15
5
27
33
12
29
9
0
40
6
22
58
9
9
2
35
39
12
29
19
8
9
13
49
40
84
2
59
10
2
11
0
32
2
67
4
11
46
18
28
17
11
5
11
50
11
27
67
27
42
44
268
11
27
2
33
42
28
9
5
18
42
39
30
19
9
47
33
26
11
21
11
22
30
28
71
22
58
24
174
32
9
45
5
28
14
42
1
47
35
13
27
9
20
6
476
20
2746
11
27
0
23
14
14
14
22
36
36
30
3
25
32
39
9
12
2
12
13
10
29
9
69
37
10
11
1
65
28
41
24
88
4
5
5
29
28
9
26
12
8
26
9
19
30
18
22
16
53
11
68
66
17
5
6
14
4
31
207
7
2
7
80
22
1
23
5
1
0
8
16
44
20
16
16
5
4
49
35
5
465
126
1
27
3
21
29
9
42
16
47
29
8
73
14
12
12
10
2
30
8
33
7
22
13
0
9
37
14
59
61
16
21
9
40
13
6
14
41
36
1
9
23
84
70
30
34
46
13
33
33
13
44
38
12
25
7
25
11
26
336
6
7
34
47
4
22
4
24
32
49
12
43
37
8
21
43
7
18
4
44
21
16
39
19
108
4
31
15
2
19
20
3
24
36
10
25
15
26
31
9
42
27
1
20
11
4
44
41
3
30
17
6
30
34
1
10
2
15
10
7
114
14
26
66
31
31
24
12
50
51
22
20
23
10
42
7
5
22
8
47
6
10
27
187
27
1
7
24
1
23
24
13
16
33
5
102
3
10
47
3
36
25
224
9
65
30
23
38
20
8
2
22
13
8
28
37
7
12
40
13
1445
37
11
45
5
35
2
55
17
6
22
19
0
5
21
4
84
4
17
14
18
35
38
54
26
2
20
12
33
18
265
0
15
55
8
45
9
8
6
24
15
37
2
57
7
26
18
7
21
59
3
11
24
23
12
4
54
29
1
7
5
113
35
47
6
70
18
75
0
3
13
30
1
24
64
64
33
4
10
0
46
35
8
18
51
24
75
49
14
12
41
10
31
8
35
6
25
9
20
33
7
38
27
35
24
18
45
74
12
61
5
15
35
10
22
24
5
2
58
107
14
3
20
1
17
24
10
41
1
95
27
24
32
23
7
5
30
18
3
10
6
22
45
31
40
12
15
8
52
3
6
46
27
11
48
139
21
12
31
28
14
20
14
3
2
38
10
18
55
10
27
37
245
24
5
32
19
0
97
51
3
48
41
5
2
14
19
67
20
31
32
1
28
27
34
10
6
8
29
105
15
3
41
25
28
20
3
7
14
35
19
5
30
10
634
3
44
20
9
17
20
14
83
0
56
14
10
8
6
2
41
18
28
47
17
46
107
8
15
7
50
9
26
18
61
6
7
44
0
10
3
7
38
61
11
32
53
10
1
23
20
81
33
172
18
10
2
14
24
20
12
5
27
29
6
16
14
8
41
50
10
6
4
10
12
16
9
35
6
15
42
14
30
39
18
3
8
22
14
25
7
8
41
53
22
32
245
18
12
10
41
14
12
30
19
73
8
17
11
13
10
22
88
16
38
6
1
49
27
15
8
33
40
6
34
23
1
26
127
7
26
20
12
38
58
2
32
14
21
26
2
5
18
49
56
32
18
44
2
10
9
8
42
11
14
56
26
33
62
10
20
21
27
10
38
53
2
45
26
12
28
32
8
18
27
6
5
19
11
27
5
4
27
29
30
1
27
4
10
5
31
23
29
46
32
1
43
2
22
24
8
11
30
35
58
7
40
28
39
18
27
14
17
33
19
16
17
11
196
9
27
27
8
10
23
22
15
31
93
17
13
2
14
19
34
18
12
26
9
11
16
10
6
5
16
11
39
11
30
31
24
15
10
6
15
8
4
5
34
20
7
12
50
2
11
21
76
20
33
8
27
22
22
14
32
34
9
8
34
9
7
43
114
5
33
26
24
47
7
5
27
59
22
7
27
12
3
27
32
25
7
15
24
10
3
20
21
41
35
11
2
4
38
18
6
4
12
105
24
7
13
19
332
32
24
66
31
9
12
27
37
40
54
4
12
21
25
38
45
97
26
18
4
9
43
5
15
11
15
10
22
9
37
31
48
21
17
5
50
12
10
1
14
21
17
20
27
4
33
251
4
14
26
2
0
9
38
25
12
16
34
45
23
35
18
12
35
162
19
6
36
4
21
9
8
2
21
38
8
7
1
40
1
11
17
9
27
1
29
28
21
35
51
40
34
26
48
38
17
27
9
8
1
31
7
26
17
18
34
35
10
20
8
39
38
51
7
27
24
14
29
10
5
8
7
2
11
25
11
12
4
16
7
37
11
7
58
2
46
22
15
15
53
10
12
28
24
36
23
37
78
37
82
16
25
9
34
38
6
36
30
120
13
42
42
9
9
15
27
21
207
14
7
99
9
6
31
38
40
15
28
42
8
40
10
25
12
2
31
40
23
11
3
145
43
13
40
4
18
13
20
2
39
30
1
106
550
15
4
22
6
8
18
38
479
25
22
34
10
533
24
25
6
10
32
44
7
12
23
4
12
11
82
24
17
27
2
5
38
18
20
50
26
37
72
4
16
31
2
26
23
31
68
2
2
37
63
62
28
43
0
88
22
5
10
26
18
3
57
7
6
30
4
15
14
35
4
30
9
13
93
6
18
30
52
55
14
50
14
8
33
20
49
82
34
16
16
17
2
27
19
29
39
24
15
27
10
5
3
12
34
20
33
42
15
6
17
35
33
46
11
1
5
10
18
26
2
26
4
31
4
7
19
26
22
45
13
6
26
24
10
22
4
12
48
10
62
12
81
0
2
3
35
12
25
24
39
14
35
33
7
11
6
11
9
33
35
6
38
18
36
8
0
39
53
19
6
5
8
24
3
21
0
22
2
253
11
18
13
6
14
188
41
20
27
25
169
13
24
20
59
39
19
1
6
15
10
3
28
193
0
61
37
20
10
42
41
11
14
66
26
125
20
17
3
2
19
14
41
51
146
5
20
14
29
19
19
29
7
27
44
40
18
39
33
1
24
35
40
27
9
10
67
1
79
18
33
19
26
21
3
101
21
30
20
50
223
99
3
3
45
104
1
31
8
32
62
8
11
54
17
13
12
36
18
2
31
20
12
34
1
46
22
29
16
79
5
22
1
2
21
20
108
8
22
42
4
1
17
4
22
7
6
6
3
4
15
47
31
18
2
32
62
97
24
8
29
35
31
31
16
80
16
24
6
12
3
14
3
22
0
5
15
29
51
49
31
30
27
35
34
33
36
48
65
2
13
30
0
31
13
31
4
46
31
157
56
21
5
13
21
8
19
17
72
18
45
9
6
0
1
57
119
9
4
5
37
24
3
14
10
14
33
17
23
12
7
17
6
11
43
48
5
41
1
94
6
15
8
34
36
12
5
50
4
9
90
5
39
11
17
14
12
40
21
17
11
20
3
29
47
7
16
17
9
14
10
7
34
181
28
4
15
8
18
14
8
13
45
39
12
8
37
16
13
36
19
43
41
28
16
23
22
2
11
26
33
101
13
6
40
42
161
34
53
13
6
28
9
45
8
5
18
1
28
51
14
7
2
18
35
10
21
46
5
0
60
29
74
21
2
13
17
26
17
41
824
28
7
29
36
1
16
19
33
21
19
22
2
34
100
104
31
15
37
4
14
23
3
39
6
36
43
83
9
32
4
16
38
49
76
3
22
9
13
67
6
8
8
35
4
62
38
52
10
8
36
40
46
7
5
5
13
41
13
28
53
13
24
27
4
73
11
2
38
38
4
25
53
23
9
18
45
9
4
97
1
22
49
43
2
14
13
31
23
30
38
13
13
18
1
45
8
27
13
6
6
45
28
29
23
4
26
13
57
4
28
29
6
180
29
9
17
68
13
12
40
2
49
12
3
29
13
14
4
47
3
3
11
37
5
4
32
17
11
21
7
12
24
25
29
35
17
1886
69
9
17
38
9
2
22
92
12
88
59
42
24
15
23
14
12
29
6
15
4
5
10
18
21
16
265
6
6
13
32
16
23
23
24
26
45
34
15
2
21
13
31
8
29
57
34
26
9
134
31
44
44
7
30
19
21
41
14
7
0
1
7
7
36
5
27
25
42
2
45
30
32
10
89
4
22
29
40
3
30
79
17
4
182
29
2
24
93
0
27
1
42
33
28
37
7
42
23
9
8
19
5
23
2
22
56
14
2
14
22
0
59
6
20
1
6
3
16
29
11
52
25
16
11
32
3
6
10
40
7
33
3
22
13
11
6
141
48
29
29
32
23
49
3
8
8
25
19
53
73
43
74
9
25
29
0
0
5
26
41
5
33
2
15
6
42
8
28
60
22
24
37
1
7
30
11
15
36
27
1
72
8
75
12
24
13
13
33
17
12
60
416
29
23
77
25
22
11
22
9
20
11
22
54
7
60
5
20
81
278
26
97
37
40
39
73
3
4
4
8
22
8
288
4
55
0
9
24
33
28
10
11
42
11
49
12
7
1
0
3
5
23
31
7
5
16
66
10
7
0
5
1
83
10
9
66
5
39
19
8
23
102
17
21
31
24
37
28
42
10
12
5
5
42
10
13
16
58
12
20
12
65
39
23
3
477
31
196
33
13
2
25
72
46
7
34
8
16
14
37
0
9
3
2
3
49
15
22
17
23
22
26
11
3
2
2
13
6
8
34
8
10
28
45
14
6
3
11
4
17
38
2
34
11
12
41
23
22
19
97
64
41
25
11
17
19
46
15
49
9
28
20
5
101
3
3
84
37
22
27
4
21
7
67
31
18
23
13
3
0
7
71
14
13
40
45
0
10
88
32
11
10
33
22
40
15
37
13
7
73
47
1
20
16
38
15
8
32
40
26
44
22
17
30
7
6
2
49
52
12
13
27
42
32
276
13
29
9
12
24
6
109
14
50
2
109
27
1
48
23
14
3
17
8
14
29
20
9
8
4
12
39
8
444
8
44
1
33
29
44
2
16
35
65
16
32
36
17
23
16
6
14
5
71
2
24
8
32
35
63
63
51
2
78
5
24
9
18
57
24
24
50
33
26
37
62
25
13
5
1
18
26
10
87
9
10
35
0
20
10
32
7
4
22
3
15
3
2
8
25
16
18
16
6
36
19
9
21
154
40
57
102
13
19
13
34
34
46
11
39
4
1
39
6
37
5
8
45
9
1
35
20
11
5
4
60
210
24
71
32
10
25
78
16
15
6
41
15
10
22
32
30
22
3
22
22
1
15
19
11
45
7
103
40
246
72
31
14
35
27
36
5
2
7
1
3
32
44
12
33
7
183
9
19
8
11
10
7
84
31
1
22
11
4
7
84
24
9
21
38
36
14
4
19
8
32
18
21
38
7
32
2
270
14
22
10
10
21
29
33
33
10
280
48
13
10
44
74
13
28
23
9
7
51
27
0
53
15
18
8
5
29
19
13
29
4
13
14
5
27
4
13
26
2
4
115
29
8
16
21
48
101
19
6
15
35
19
5
50
38
19
15
23
14
4
80
30
22
93
34
3
11
18
28
19
45
0
20
12
130
34
0
1
51
11
22
31
200
59
31
26
41
6
21
50
2
21
111
9
27
23
8
61
59
0
7
45
87
37
0
18
21
18
29
1
7
9
29
9
25
9
9
2
109
7
18
13
26
2
13
36
41
23
24
61
23
16
57
5
9
22
7
9
63
98
46
13
0
137
17
7
20
4
14
18
4
33
3
17
3
18
101
10
18
15
19
29
26
24
8
108
2
11
23
29
19
2
36
11
131
41
14
4
12
5
35
32
32
0
111
4
19
60
11
27
60
11
25
28
24
25
21
7
10
37
6
29
6
39
7
45
13
11
46
9
8
36
7
37
28
13
4
26
29
3
8
14
31
1
15
78
37
14
15
30
30
11
1
53
39
7
24
54
13
30
45
5
9
28
15
24
27
19
40
14
12
3
50
44
24
17
54
2
32
56
50
42
20
16
41
5
11
42
12
7
16
30
2
9
15
13
12
50
9
26
25
5
25
10
52
29
24
21
36
11
2
7
66
7
61
18
17
33
16
43
10
6
12
18
20
81
21
20
32
14
29
12
34
35
10
31
44
353
23
90
41
25
45
162
48
11
31
17
29
6
34
2
11
21
37
10
40
127
45
17
27
31
2
22
31
18
2
29
17
0
10
1
11
3
25
34
78
38
11
30
49
81
24
16
10
15
4
29
11
16
16
52
16
47
49
22
19
33
8
45
19
9
6
22
4
21
38
37
6
1
13
29
29
16
7
14
0
29
27
110
43
36
12
35
12
19
2
87
122
1
31
111
27
15
3
49
57
24
23
15
35
6
7
8
59
5
20
14
19
1
22
13
11
35
26
6
71
17
3
8
0
28
53
17
39
9
11
38
21
7
137
571
10
52
9
5
25
2
23
23
5
13
8
4
6
10
8
26
34
4
35
11
130
43
10
1
38
17
20
4
55
5
39
29
24
31
54
12
19
13
33
78
32
28
36
11
17
10
17
34
53
6
26
5
5
90
29
44
8
46
13
29
6
34
30
7
31
6
29
8
7
4
19
23
20
45
36
37
8
5
9
4
15
53
40
2
83
80
3
13
39
25
44
64
6
44
21
22
2
33
39
10
6
4
93
3
2
45
15
27
6
24
7
9
41
28
29
49
43
41
18
12
27
41
18
4
2
9
3166
18
30
17
31
19
22
60
24
38
10
21
10
53
126
189
53
103
5
26
15
2
30
7
7
31
15
9
14
8
67
106
15
25
19
41
22
24
15
11
19
36
22
3
16
49
8
21
37
48
36
20
6
25
13
23
6
36
15
98
94
13
30
46
44
5
9
17
13
16
13
41
17
24
11
37
24
4
13
114
7
68
73
75
38
40
58
36
129
34
9
29
17
52
9
33
5
3
13
27
22
15
17
38
21
3
7
24
16
27
26
25
15
18
23
22
40
184
30
75
36
37
33
46
2
11
20
238
4
31
39
595
24
4
48
20
6
15
27
18
31
0
98
44
3
40
13
18
5
45
11
42
50
8
5
22
5
15
8
29
21
29
28
25
10
127
43
118
62
23
8
59
20
36
30
4
23
11
11
71
13
23
48
19
40
3
9
18
20
39
95
11
12
2
6
22
22
12
22
5
29
21
20
32
15
1
142
191
34
1
16
57
44
4
8
8
5
62
18
33
6
26
75
14
35
43
4
6
16
22
41
8
364
39
24
8
95
19
7
16
36
11
44
4
16
27
21
2
17
9
7
4
40
21
10
26
3
25
12
50
7
40
10
16
21
0
2
2
33
32
54
26
25
2
15
4
2
16
10
23
30
1
18
4
21
3
25
19
15
193
14
18
14
10
13
69
42
131
50
22
14
30
128
42
28
2
30
90
5
0
12
79
39
12
10
35
28
18
63
20
9
24
48
24
4
34
8
13
1
13
24
5
19
8
4
14
13
35
4
12
6
14
20
51
56
52
14
19
4
52
24
40
28
3
103
8
26
11
32
4
10
8
26
30
40
41
102
12
92
12
6
7
22
52
32
9
13
26
36
6
110
38
17
24
9
1
11
16
18
10
12
18
12
39
16
3
2
1
9
31
9
130
30
5
12
43
31
2
11
21
12
94
6
12
8
21
51
6
9
34
15
9
66
11
31
16
30
12
51
47
11
6
13
14
48
46
100
20
93
55
53
6
22
61
4
7
68
17
16
8
7
47
44
11
112
39
8
111
13
39
5
38
7
271
11
18
11
12
30
27
39
9
71
14
11
12
36
41
17
75
8
7
28
1
9
36
21
12
12
15
9
5
5
14
49
37
6
38
14
48
0
11
43
23
30
4
14
3
3
4
60
42
16
28
8
17
33
57
43
35
4
7
27
23
7
30
5
12
27
24
62
6
8
15
37
34
18
8
54
28
22
20
4
47
29
6
54
39
81
64
6
29
6
8
11
39
53
2
5
8
18
45
0
32
25
23
3
48
28
17
30
32
10
41
13
31
15
25
13
46
20
5
17
160
11
30
29
17
3
8
33
6
37
54
33
63
10
8
17
155
16
83
38
10
37
8
8
0
8
9
41
33
49
5
30
5
24
10
25
11
8
20
39
25
7
69
9
29
32
7
33
28
31
8
12
93
10
13
123
5
19
34
11
15
32
1
12
36
3
15
33
12
1
23
29
17
52
16
86
23
17
12
30
23
22
12
368
21
12
42
8
14
2
1
8
30
2
7
46
28
12
3
2
28
30
4
14
19
10
28
33
82
36
33
0
49
11
15
34
12
3
48
5
15
7
4
70
45
17
15
32
9
29
22
33
35
4
11
68
9
25
37
8
40
0
9
23
108
17
24
82
14
5
12
33
18
12
3
32
13
16
32
43
35
13
30
21
33
11
33
123
6
19
13
27
26
12
62
9
37
55
29
5
45
40
12
17
36
15
18
32
25
2
3
54
10
18
34
11
25
6
18
2
12
10
20
62
18
3
7
37
30
24
6
40
18
10
20
5
10
46
5
30
18
40
7
23
10
16
18
49
1
84
39
25
39
17
53
4
45
17
51
20
42
10
6
16
55
37
4
78
29
25
10
36
38
26
11
13
29
55
11
12
61
8
66
46
18
10
29
5
11
11
14
12
6
6
14
20
588
18
8
2
11
38
8
40
24
25
24
22
9
8
0
40
68
14
159
72
9
23
8
30
18
24
27
6
38
35
415
30
30
17
3
51
1
27
7
26
22
16
9
28
20
13
35
26
11
30
62
19
7
26
31
14
13
57
28
15
28
40
9
16
29
6
5
35
13
0
18
12
30
34
78
3
19
41
9
17
32
10
17
1
13
38
36
56
23
10
9
6
25
19
30
43
31
7
4
28
16
51
23
10
20
131
6
17
25
8
203
12
53
3
26
77
30
15
31
49
13
7
19
64
30
30
12
40
13
9
6
24
3
48
2
6
29
6
41
3
16
30
62
3
22
10
14
8
4
37
12
13
19
126
44
39
3
21
17
4
19
2
18
21
2
6
6
13
768
27
29
13
26
25
6
7
20
40
85
10
4
30
114
5
5
48
25
3
3
17
106
2
0
27
19
41
15
15
3
77
26
6
36
10
10
52
1
3
6
10
41
6
10
17
57
13
4
45
29
35
6
1
14
4
893
27
7
7
81
12
21
18
383
9
11
49
13
6
20
20
52
15
23
7
1
6
8
14
33
12
13
18
9
32
11
47
37
3
28
17
29
21
20
27
24
13
35
44
1
57
31
4
13
34
20
3
2
15
10
32
37
51
47
18
34
76
7
49
19
31
19
20
24
66
48
15
38
11
1
46
6
19
23
2
32
9
10
16
41
40
4
64
10
12
71
36
66
0
25
36
4
29
74
8
6
14
15
221
40
18
59
33
13
1
66
3
0
15
10
35
20
23
272
6
190
18
9
13
21
10
30
39
20
98
20
12
34
12
34
6
14
12
48
2
16
35
35
27
8
31
13
21
51
34
1
0
27
95
6
37
44
13
17
4
38
7
36
17
2
28
40
8
3
16
19
35
28
1
10
8
34
13
41
10
2
71
8
23
29
47
97
15
4
19
68
40
43
30
77
31
24
22
27
12
34
69
42
17
21
43
23
37
14
45
129
26
5
1
26
71
2
12
21
17
3
65
26
3
5
12
3
394
3
35
46
32
68
53
13
27
25
1
1
13
31
3
20
3
6
37
5
15
34
18
38
2
17
10
30
81
7
7
15
1
10
46
16
17
10
7
27
7
216
28
22
14
277
20
6
6
25
6
16
28
10
194
2
9
25
19
36
26
34
27
25
23
37
3
17
24
3
9
19
21
30
14
25
34
14
20
31
39
5
33
108
18
39
51
69
15
62
1
3
32
17
121
38
42
45
15
43
184
20
1863
22
37
33
27
19
5
10
31
63
10
10
37
4
64
58
20
9
5
27
25
37
7
15
4
78
29
62
13
30
6
59
32
27
38
49
45
50
6
25
18
16
3
49
5
49
204
19
13
50
20
54
37
33
4
39
2
27
41
21
6
14
86
25
148
20
15
4
45
19
3
40
11
7
38
31
42
40
42
14
76
12
16
21
14
5
99
9
32
25
46
29
36
15
8
70
21
40
4
20
44
5
25
1
20
58
24
30
11
5
36
23
29
53
8
31
18
20
28
88
18
30
28
17
3
29
102
36
31
10
6
32
12
2
42
34
9
35
20
36
5
66
21
2
2
9
12
22
18
28
8
31
24
10
9
12
43
26
11
23
8
38
33
18
26
54
12
23
9
26
36
40
9
14
32
62
27
30
17
41
13
44
41
9
9
42
26
5
36
12
29
34
7
10
5
27
22
352
34
34
10
41
13
54
48
8
13
12
27
6
34
51
12
31
34
35
0
10
37
1
27
26
74
11
0
45
27
8
11
48
4
43
15
30
38
35
38
28
14
125
30
11
37
21
14
33
3
43
52
2
18
33
86
14
10
13
26
22
47
69
7
8
19
4
32
280
19
10
15
0
19
3
22
10
16
3
21
8
41
62
26
116
12
39
73
13
37
20
18
32
26
10
30
8
21
19
10
39
27
15
9
74
47
118
21
26
10
26
13
27
27
19
13
11
11
32
3
8
6
36
10
10
1
166
47
13
164
12
73
5
28
53
10
22
31
16
42
18
43
17
28
24
2
9
36
80
9
21
51
9
78
17
4
9
10
9
14
26
35
90
20
11
11
31
100
5
31
10
5
57
13
15
8
21
9
59
45
25
36
14
36
39
10
15
11
23
86
50
28
3
23
17
53
0
5
5
44
12
8
2
2
2
36
6
19
14
22
12
66
29
13
8
32
24
5
36
10
68
27
16
35
26
25
29
19
37
25
55
110
5
10
60
53
25
22
26
46
16
5
15
34
29
4
38
7
37
30
31
7
29
23
22
4
8
43
36
2
85
11
13
20
16
30
40
9
35
6
137
36
17
7
6
454
27
30
4
8
10
23
34
37
6
22
38
41
11
36
22
14
15
9
9
44
226
399
490
28
1
24
21
38
13
7
45
68
50
18
17
10
19
21
21
193
10
6
21
46
69
21
44
1
13
54
338
17
23
16
2
11
7
1
11
7
25
3
14
23
39
4
46
9
25
9
20
33
29
22
32
60
37
8
24
11
43
9
20
29
39
36
765
24
5
21
22
3
55
25
36
26
4
78
37
15
25
8
47
36
13
41
35
53
6
27
10
239
27
33
30
16
19
26
21
8
14
13
72
14
54
119
74
34
33
5
21
20
3
7
19
36
35
10
32
1035
25
4
5
51
36
31
5
5
22
37
41
42
20
20
27
11
15
30
41
2
11
8
42
93
31
19
14
27
9
72
55
12
35
0
12
1
84
67
2
4
27
37
13
54
12
17
42
8
22
28
26
27
44
48
45
1
75
18
27
25
9
45
25
2
38
9
32
6
45
29
43
25
22
21
41
9
20
21
22
21
5
10
13
18
31
21
52
40
11
43
8
25
22
15
5
55
14
22
12
34
13
15
27
47
13
17
34
6
28
21
12
21
20
19
12
11
29
14
20
33
10
3
27
34
24
33
67
14
11
38
15
10
36
10
33
27
4
8
48
4
7
32
92
5
29
6
30
32
35
28
56
29
34
17
2
9
160
28
28
18
25
99
5
10
10
42
17
27
29
21
43
16
33
16
12
20
10
29
1
3
4
32
26
11
15
45
42
2
40
21
10
3
105
11
22
36
63
2
29
16
22
6
31
12
22
13
73
36
42
31
11
46
50
38
2
18
13
2
15
31
16
11
1
30
28
34
35
41
38
4783
3
38
2
39
2
17
22
7
35
3
1
9
3
29
20
47
50
43
13
15
6
5
25
19
34
34
33
23
68
49
12
2
21
14
24
28
1
46
44
23
15
9
20
18
23
24
4
60
1
9
5
51
6
15
12
31
125
16
38
37
29
33
2
4
24
19
13
8
5
8
4
41
9
41
27
33
34
56
33
69
47
22
12
84
29
18
2
3
33
13
30
6
21
3
42
31
6
14
42
18
9
26
8
4
21
23
8
9
35
16
10
5
22
24
0
42
54
47
50
12
53
144
97
13
24
27
50
39
28
28
9
36
57
8
16
23
72
120
43
10
9
47
4
59
15
39
6
1
7
52
18
20
4
8
18
8
1
85
24
15
35
33
12
3
13
1
4
19
77
81
31
4
64
18
19
12
52
15
13
44
16
49
66
25
64
110
13
153
5
12
36
32
40
4
44
5
21
3
12
11
44
16
61
24
25
11
85
11
47
3
28
27
40
9
5
30
30
21
31
11
125
36
24
2
7
3
10
21
33
52
22
86
7
111
7
4
14
42
22
12
29
34
20
16
23
39
15
41
12
42
64
24
61
20
25
18
5
0
18
5
66
35
22
21
4
14
97
6
12
34
34
20
6
17
27
235
9
37
21
11
58
38
21
112
33
7
34
12
12
1
43
4
8
57
0
22
34
10
26
187
11
18
4
11
23
4
23
3
15
89
2
149
61
11
47
5
158
27
282
5
120
17
9
16
33
14
25
13
36
14
40
31
2
24
23
17
35
192
59
25
17
48
11
13
11
32
498
33
20
39
27
39
6
2
21
36
31
17
4
4
42
26
25
17
53
30
6
17
10
30
10
0
5
0
19
35
16
23
0
33
7
30
31
7
96
15
16
28
18
52
3
38
2
26
25
30
49
18
9
70
107
87
36
6
25
4
22
6
50
26
6
4
30
38
5
132
44
31
45
76
5
9
128
35
7
17
62
43
15
23
36
15
34
41
18
35
19
9
126
6
6
2
7
12
23
23
3
18
18
13
8
10
64
7
51
2
22
9
15
33
1
35
31
31
1
2
36
15
18
17
56
1
38
35
37
37
55
20
17
2
16
15
14
5
1
8
3
8
9
9
41
600
4
0
22
20
4
40
35
23
10
55
28
0
25
7
81
5
101
24
11
21
2
89
24
29
7
57
40
11
24
2
3
32
13
6
9
4
1
20
9
23
21
16
15
19
4
111
18
69
9
4
126
38
34
18
26
6
85
2
20
21
6
66
6
26
29
15
13
19
13
109
7
29
10
48
75
26
26
34
12
22
32
4
19
11
0
23
5
32
18
11
18
6
24
20
46
18
7
16
38
48
57
175
4
3
28
10
23
25
29
38
21
3
28
16
10
6
6
22
35
42
13
10
19
9
73
8
40
85
0
45
31
5
11
52
36
21
0
1
21
3
25
76
6
19
14
28
28
10
51
10
57
47
48
13
128
32
31
2
28
15
15
7
5
32
6
52
24
5
28
37
58
49
282
81
25
32
92
19
15
8
15
69
21
15
6
5
9
35
1
44
27
16
1
6
38
16
5
24
4
2
15
29
2
6
21
24
50
12
6
10
107
0
9
7
19
3
75
10
9
44
3
36
7
19
7
61
22
49
7
4
15
7
1
24
27
9
70
69
28
105
32
10
146
13
23
27
32
15
31
3
31
9
21
98
0
97
27
33
3
40
63
19
29
0
27
20
12
4
7
204
9
38
3
13
28
21
21
17
15
49
19
6
19
11
29
7
31
32
6
8
37
34
20
11
3
19
55
4
36
26
20
5
13
20
42
32
11
22
15
3
36
56
11
6
24
3
29
7
3
41
40
69
19
46
124
31
22
30
2
28
28
82
63
20
8
10
30
50
3
6
20
43
2
29
32
18
27
42
20
16
5
21
28
59
37
46
19
22
21
5
44
20
23
0
41
19
12
30
77
39
17
37
26
84
10
26
11
37
27
9
10
13
12
30
20
6
28
4
5
6
47
18
41
37
1
3
17
28
47
110
9
35
14
4
5
28
10
24
9
7
20
132
24
11
12
9
40
8
42
15
9
23
52
11
16
40
23
41
44
32
18
7
12
10
37
11
6
27
3
20
13
68
5
37
24
79
1
84
15
45
0
17
32
7
10
138
4
6
16
10
25
19
1832
59
4
8
3
40
17
14
51
21
43
17
0
36
20
26
27
139
51
8
5
2
1
28
39
23
12
66
8
1
18
2
1
32
14
13
35
12
30
7
34
5
110
22
21
25
2
28
18
29
17
27
4
22
24
34
21
10
14
4
2
73
14
36
9
49
9
11
12
1
62
1
26
25
13
37
4
41
49
23
36
6
14
48
49
51
21
61
14
28
16
33
5
39
4
112
16
34
12
102
58
25
17
13
39
12
13
65
21
40
0
59
1
11
17
15
9
16
39
13
2
0
32
39
4
51
35
31
37
103
27
56
4
24
24
5
14
25
143
35
35
11
13
25
5
118
3
7
6
19
4
1
2
51
35
22
59
41
1
27
35
55
5
71
13
12
356
3
32
4
34
8
22
28
9
15
3
21
27
129
200
27
4
11
5
7
11
41
11
32
4
4
13
69
24
5
12
2
13
55
1
49
7
14
12
4
15
44
10
65
7
107
30
14
34
127
22
31
6
7
43
138
19
11
22
9
39
25
11
18
46
49
29
93
425
37
24
28
23
9
50
50
35
28
25
41
20
4
6
22
28
126
1
69
24
10
0
15
4
19
7
32
82
10
13
14
18
25
30
27
26
32
59
37
16
15
27
3
14
25
43
18
81
74
16
22
34
12
32
22
1
11
18
48
23
58
29
37
8
98
15
7
33
7
38
2
23
99
37
1386
9
52
15
73
32
24
19
31
11
53
22
44
54
9
25
878
34
21
5
32
20
5
11
2
22
33
4
4
10
30
23
43
29
14
9
26
9
45
9
2
39
11
43
77
65
18
16
19
24
32
38
24
16
11
2
3
0
10
31
36
51
20
26
4
37
24
41
13
1
52
77
18
7
56
31
23
44
33
25
12
5
5
3
25
36
2
25
5
18
55
7
31
86
1
12
9
4
30
45
26
9
38
14
16
46
21
222
42
23
74
38
7
4
32
56
1
15
67
18
399
35
24
67
12
548
3
8
71
328
3
3
36
44
5
7
27
3
39
19
15
26
54
59
22
17
9
148
12
15
19
33
37
1
44
65
9
21
6
35
8
14
49
7
7
7
36
26
49
2
100
5
8
32
3
21
13
8
52
32
5
2
0
6
7
26
1
15
53
1
6
20
14
41
6
34
10
48
11
43
11
44
19
36
179
30
31
76
17
4
40
37
6
13
33
23
12
38
0
19
18
30
37
27
45
2
9
16
8
8
26
50
41
2
33
13
4
13
9
2
75
1
5
9
13
12
8
13
43
62
129
11
7
19
35
34
118
19
10
7
40
53
33
33
10
10
42
19
13
12
41
46
84
6
21
21
7
12
9
29
33
5
22
2
22
12
28
7
32
6
45
37
7
39
27
35
2
8
13
3
55
10
19
74
85
3
160
30
5
22
3
37
29
47
26
6
46
15
173
13
29
26
21
10
34
30
3
115
9
20
5
25
2
29
16
12
12
11
33
19
15
36
3
133
53
27
54
2
15
11
32
23
15
23
44
45
52
37
42
34
68
6
36
676
35
17
10
3
34
105
28
28
11
8
13
12
18
32
23
8
29
48
5
5
31
6
19
84
14
34
47
2
112
26
6
11
23
12
13
0
24
14
30
93
9
15
53
6
14
56
34
22
28
20
26
21
54
8
348
14
0
24
11
32
22
12
159
21
4
15
24
31
44
7
8
44
22
12
50
2
31
178
13
5
32
26
15
32
6
32
10
36
14
36
98
10
24
84
36
56
18
13
15
6
21
29
6
28
21
12
40
47
3
96
3
23
10
30
1
227
8
30
3
7
5
30
8
5
54
295
7
6
92
8
3
9
24
56
12
18
6
25
11
11
32
17
7
40
3
1
8
33
3
2
17
1460
10
15
33
32
40
6
24
10
29
37
5
42
17
37
2
35
16
8
15
16
18
14
10
117
12
7
16
11
45
14
40
85
5
14
21
30
7
41
214
53
6
7
2
16
12
5
10
22
34
21
15
8
8
2
51
7
6
42
21
26
24
12
34
18
17
31
45
16
28
116
38
26
33
7
39
47
10
297
25
25
58
42
1
10
17
16
7
32
20
72
31
37
43
11
22
7
30
29
4
30
54
128
7
7
37
25
7
21
15
7
40
12
17
61
35
20
9
6
5
2
59
5
22
30
11
14
3
10
5
13
24
0
33
11
10
42
104
3
0
39
38
18
36
3
29
21
11
6
28
79
3
28
1
11
354
10
48
39
1
10
27
8
7
68
30
22
77
44
2
95
32
27
20
22
52
10
6
57
37
8
1565
2
58
15
40
27
7
148
1
164
23
9
14
3
47
35
8
23
9
10
30
11
2
12
39
7
79
25
30
63
35
36
6
8
18
28
41
10
14
22
2
10
43
42
22
8
32
36
11
6
2
26
5
3
84
3
33
4
9
31
18
10
7
9
2
20
70
4
13
32
20
7
63
2
31
10
63
38
5
48
11
142
35
22
6
8
12
13
13
127
22
2
25
2
10
3
13
6
32
16
43
2
12
49
22
55
17
11
12
45
20
14
157
24
77
13
2
25
22
30
11
36
24
122
15
9
5
28
26
20
18
5
35
20
18
19
23
11
35
1
8
44
37
3
10
627
46
18
6
6
78
71
38
18
18
45
34
7
2
2
0
21
14
41
34
16
18
9
28
33
15
25
25
57
82
16
1
30
16
78
27
9
17
117
15
18
17
18
129
54
15
6
32
20
16
21
12
13
34
20
31
333
7
8
39
39
52
6
24
9
6
10
4
20
79
4
17
28
53
30
21
56
0
268
2
0
41
9
59
8
28
28
32
6
37
46
16
28
31
37
4
7
4
28
33
6
24
4
29
11
15
1
41
21
2
47
19
34
17
45
175
38
32
30
38
1
30
54
10
24
3
45
5
79
17
2
6
55
33
41
11
25
36
89
10
12
18
51
6
31
25
25
12
12
2
2
13
21
15
7
18
35
11
43
28
13
37
10
1
47
8
72
30
151
1
81
21
8
26
31
18
77
6
30
17
27
29
32
26
22
29
7
46
28
423
18
6
5
34
2
45
5
34
3
88
3
88
7
1
21
51
59
7
11
84
22
5
64
14
21
5
11
22
55
24
115
4
25
11
8
23
25
29
77
2
13
45
29
26
8
2
26
14
8
80
5
21
19
0
29
70
31
15
33
15
4
50
72
16
17
20
12
38
28
16
29
60
104
31
11
2
40
37
703
26
18
12
15
12
9
24
49
0
17
16
18
29
6
33
36
52
29
32
13
9
83
29
21
6
44
17
24
11
50
28
113
35
34
8
9
15
15
22
32
17
75
16
22
6
42
35
18
35
58
31
89
2
17
23
75
5
38
52
11
9
2
21
19
109
30
8
37
6
18
2
9
19
26
3
10
4
34
5
43
21
19
10
1
13
19
32
28
106
37
10
81
4
25
54
26
32
26
1
7
22
5
11
8
2
40
15
24
7
6
13
61
31
24
27
34
19
45
13
8
14
19
12
37
31
17
9
15
24
11
34
15
14
9
8
12
35
38
37
44
43
28
38
5
25
53
10
8
8
5
9
15
38
53
40
16
23
21
12
5
80
30
50
44
89
51
13
21
106
0
30
7
23
37
8
5
13
11
17
89
20
31
55
5
2
34
10
8
17
5
21
10
30
7
8
28
28
9
25
43
20
0
53
3
14
21
10
40
10
68
32
31
7
41
10
11
20
14
45
21
62
17
36
24
7
4
2
6
29
77
11
18
70
7
32
31
5
6
12
24
15
1
41
12
32
65
8
90
39
26
10
0
74
47
4
42
25
29
12
19
60
56
18
18
20
9
23
2
92
24
9
2
10
9
12
27
26
11
56
51
25
3
29
1
11
9
8
9
44
31
110
9
11
39
13
11
27
92
10
3629
14
18
38
12
28
26
38
5
29
24
8
27
2
19
20
22
18
4
42
3
40
35
18
27
13
26
7
37
31
139
13
3
30
14
23
2
37
27
17
38
13
8
8
69
24
26
17
54
3
13
17
17
43
29
30
17
13
16
33
2
12
7
13
14
51
36
162
17
23
3
92
5
38
35
3
122
6
18
8
6
17
38
16
27
56
40
0
64
32
3
9
9
10
6
13
38
4
26
15
4
7
7
26
18
18
5
19
126
10
11
2
19
55
65
5
18
35
275
41
17
18
14
29
147
61
20
9
22
10
3
13
12
678
35
11
28
11
9
26
37
8
57
62
6
5
9
4
15
1
12
26
11
129
11
9
7
23
28
8
43
88
7
12
12
14
63
58
13
52
14
9
118
42
29
10
26
22
20
11
61
27
7
29
15
26
37
18
42
38
4
35
8
79
10
5
12
5
35
68
6
32
15
9
12
12
8
9
44
12
11
30
31
53
5
6
42
38
119
15
26
27
35
10
12
17
30
15
37
15
49
10
2
9
20
1
19
34
31
42
332
37
92
6
16
6
11
37
8
66
18
19
47
38
14
21
11
11
22
5
4
2
23
66
16
12
35
16
17
9
49
21
52
44
8
15
48
22
161
51
45
6
34
17
8
71
13
7
39
53
26
8
18
36
9
14
10
19
20
19
47
5
9
46
44
21
5
27
16
2
16
16
16
13
33
21
1
1
67
5
28
14
50
14
32
32
23
16
35
13
6
31
29
39
47
21
4
88
5
10
43
21
26
16
25
15
46
27
4
16
529
119
61
13
40
30
36
15
11
21
87
8
3
7
22
17
21
36
9
9
30
7
35
9
252
34
253
8
22
306
11
8
26
68
41
177
27
35
47
26
2
60
29
7
4
13
29
32
10
9
14
25
14
21
57
41
97
52
70
5
73
85
14
18
6
2
5
14
43
30
3
15
12
26
112
12
34
28
7
14
7
11
21
37
14
37
54
38
2
5
25
26
19
16
11
15
4
246
53
26
29
6
53
25
12
50
4
20
43
4
4
7
7
94
70
3
13
30
39
9
4
11
48
28
33
13
17
13
32
59
3
10
22
1
7
58
37
7
17
9
26
6
14
9
15
15
23
33
15
23
10
12
19
18
32
73
23
37
4
10
15
13
7
24
418
15
7
37
22
26
0
2
48
19
6
69
51
17
4
33
7
35
11
3
9
5
65
54
18
3
31
6
9
10
6
12
6
8
12
27
1
43
41
17
5
100
45
3
2
2
23
10
41
10
21
25
212
16
20
10
33
13
1
35
20
15
25
20
9
14
16
15
12
4
32
20
9
18
3
31
10
49
38
36
11
13
24
32
18
2
11
26
2
25
23
28
30
80
23
53
34
148
33
33
8
12
22
1
1
9
15
26
9
37
25
86
14
35
51
4
4
35
63
25
49
6
14
16
4
9
21
9
27
5
20
4
30
44
9
14
2
10
35
19
8
37
42
4
2
13
12
27
77
159
13
35
25
384
11
1
4
89
15
39
20
20
28
14
25
29
20
15
5
56
42
5
1
8
16
31
45
36
29
20
30
8
9
22
41
13
10
19
53
7
27
28
67
23
17
10
48
75
3
37
52
40
3
22
34
62
13
13
10
50
14
64
25
18
11
32
37
0
16
27
17
28
48
168
15
18
3
12
32
9
45
6
16
5
29
41
10
28
15
78
52
5
20
13
11
30
25
20
278
344
32
4
2
69
24
28
10
48
41
10
7
30
13
17
4
0
25
0
5
13
11
16
25
49
2
19
11
20
37
30
4
62
10
19
20
8
19
8
8
35
8
38
32
24
7
65
16
3
22
29
26
10
24
8
15
34
10
46
34
12
6
25
37
32
5
16
27
9
17
12
78
11
0
5
37
8
11
15
12
4
40
3
41
21
19
39
11
5
6
28
8
9
18
28
25
3
8
15
42
60
31
27
20
17
15
17
9
37
31
4
22
10
63
159
48
26
72
18
10
46
5
39
16
27
20
3
7
336
38
60
26
39
7
15
15
26
31
37
23
1
11
5
48
12
13
25
38
61
0
30
2
18
40
32
34
10
15
47
17
36
19
22
41
1
15
13
17
9
6
8
3
50
16
97
24
91
123
32
27
30
8
64
3
9
12
4
21
7
5
26
14
25
4
35
40
4
5
19
24
19
11
19
29
25
30
106
50
26
89
27
1
35
34
1
2
38
45
36
27
18
22
27
35
30
20
57
5
28
17
31
12
30
1
12
33
42
31
20
7
23
10
1
27
37
27
35
33
39
25
30
17
13
33
12
15
7
31
35
39
10
7
45
26
10
27
9
45
33
5
65
13
61
75
64
30
7
16
3
42
15
30
19
47
14
14
5
22
4
39
67
32
8
4
186
20
66
66
48
10
6
4
26
4
27
26
48
14
11
2
13
44
14
22
16
38
10
269
26
1
16
69
17
15
26
6
12
37
53
7
12
7
18
29
21
44
86
16
48
11
106
59
3
36
48
29
18
89
36
2
38
9
30
9
18
12
104
7
16
5
1
21
8
24
45
72
23
31
9
4
31
18
50
10
15
54
5
48
3
20
0
8
20
27
46
25
16
12
45
21
63
31
36
26
24
15
7
13
26
15
11
2
6
14
1
38
42
16
5
3
2
2
30
24
3
11
17
11
5
72
10
17
25
3
8
1
45
0
9
35
9
53
15
36
22
102
36
17
27
33
44
47
1
44
44
9
19
31
2
14
13
14
34
27
4
13
2
28
37
46
32
13
1
11
23
7
92
17
93
21
22
61
39
8
16
11
386
2
61
10
26
7
66
14
18
37
31
13
12
34
3
15
156
16
14
12
18
2
12
46
13
22
17
17
20
24
5
24
6
25
30
8
23
18
7
14
13
15
21
19
35
19
3
19
28
14
17
12
4
15
27
12
39
33
20
2
31
45
16
29
11
49
8
7
13
27
108
8
50
17
11
37
39
93
27
10
5
72
14
38
10
29
10
15
36
37
27
6
22
21
23
40
46
14
15
21
33
38
12
28
10
20
6
17
10
25
69
30
10
10
18
9
18
14
1
24
23
16
54
26
7
14
27
25
9
9
38
7
49
9
47
13
2
63
47
6
4
6
31
4
23
89
22
20
0
6
38
47
28
10
21
48
35
27
18
56
17
5
108
17
62
9
13
17
37
96
24
23
11
2
43
4
66
64
12
15
36
24
32
22
6
53
11
10
34
46
35
9
20
39
49
44
9
1
14
29
10
40
39
27
12
16
29
8
31
12
15
29
14
40
50
75
10
14
37
24
25
57
247
43
19
38
26
39
59
33
19
16
6
28
20
12
44
31
15
15
17
11
81
10
5
9
48
9
28
51
2
6
13
11
34
27
47
14
14
3
8
33
71
1
7
8
49
29
42
58
16
9
39
19
31
26
7
62
24
10
34
11
6
24
48
4
41
45
15
7
11
38
14
26
51
11
4
9
43
23
28
47
16
43
58
44
45
25
22
10
17
433
83
18
27
9
76
2
5
12
21
38
17
7
0
9
33
11
94
11
56
12
1
18
38
20
3
58
43
48
21
53
33
9
16
1
28
0
4
25
277
49
42
41
16
9
19
12
4
6
6
34
34
6
9
38
2
52
28
16
17
13
52
18
2
34
14
1
8
42
7
37
8
54
8
4
32
19
58
22
5
64
15
20
34
8
46
33
11
18
12
10
20
32
43
33
84
10
12
60
31
10
10
10
23
27
16
36
48
34
42
17
62
12
9
1
9
4
40
12
20
9
40
9
35
26
26
62
2
33
29
178
21
7
33
5
5
29
38
26
34
5
32
23
21
9
18
13
45
180
6
44
13
33
18
7
64
5
37
10
1
14
87
25
13
35
25
12
26
132
30
4
20
11
35
18
41
18
12
9
37
20
9
29
35
9
22
7
94
15
9
61
21
19
56
41
4
43
10
0
31
23
2
30
23
33
52
22
14
33
9
18
24
5
58
16
10
8
32
13
45
8
36
25
2
18
11
6
27
2
10
19
69
29
4
42
24
12
24
1
25
6
34
10
64
12
11
19
24
2
8
3
53
42
14
37
7
3
16
26
2
19
21
16
41
14
120
63
44
51
42
28
52
16
33
29
34
61
6
43
14
12
29
11
25
8
24
7
18
45
21
11
22
5
22
33
20
17
61
6
3
39
6
5
3
28
13
2
13
32
5
18
11
18
19
25
40
34
19
10
87
18
12
4
23
12
27
13
111
4
11
26
39
11
59
4
6
37
31
13
16
12
30
25
23
8
14
16
22
5
6
4
0
17
66
15
10
39
27
23
11
25
45
18
14
33
17
19
16
70
20
17
36
17
7
30
23
18
5
50
8
22
37
25
25
14
34
4
33
26
9
2
36
31
11
36
10
18
25
19
55
15
65
34
78
3
11
102
55
71
21
22
28
62
11
6
22
397
14
486
39
10
11
72
5
26
3
49
9
16
73
28
33
20
17
7
8
11
26
21
12
1
27
24
33
19
2
21
110
39
10
2
47
3
18
3
4
46
17
49
17
13
17
10
13
1
10
11
17
14
29
5
23
3
18
19
28
18
16
41
3
19
65
2
9
20
25
36
9
91
30
7
13
9
50
42
169
3
28
44
33
32
28
6
1
48
1
13
64
0
25
14
21
13
34
35
20
17
6
36
4
12
49
39
24
28
4
13
18
15
27
137
21
32
22
277
7
37
13
27
31
9
6
21
35
8
26
19
94
30
17
26
53
82
5
21
43
39
19
4
3
9
13
36
9
45
23
37
88
11
18
28
9
2
3
34
3
24
24
3
28
18
7
26
3
19
21
3
4
37
19
4
36
29
3
18
23
34
9
85
31
4
26
10
3
12
66
10
37
4
31
2
29
5
15
9
20
7
21
5
23
31
14
36
3
22
32
23
52
8
35
29
3
2
21
28
32
5
4
20
5
72
4
10
17
49
88
13
13
39
11
8
33
9
26
166
71
9
16
0
25
95
6
16
3
24
134
8
1
28
10
48
23
2
14
22
38
34
30
1
128
66
16
4
13
46
4
24
25
6
11
374
0
12
13
19
25
49
24
3
1
88
21
5
3
10
44
9
18
68
44
15
23
64
50
25
13
10
12
33
6
10
7
13
5
3
50
15
2
37
12
112
29
65
9
31
12
20
13
26
13
49
32
65
12
22
43
35
4
36
8
59
11
15
6
4
7
30
74
10
23
1
33
5
9
7
9
151
10
34
55
17
35
40
42
10
7
7
45
1
18
16
1
42
4
11
15
11
21
3
20
7
9
22
97
6
15
37
0
33
23
15
29
52
33
61
20
24
26
15
25
40
5
35
5
41
55
55
26
93
29
10
17
38
2
8
34
5
22
1
2
12
11
41
89
5
24
22
35
2
85
23
35
30
10
38
21
0
40
8
89
53
25
18
21
15
30
18
189
27
47
8
3
53
9
5
14
3
21
12
23
94
45
3
32
14
21
6
41
18
8
12
43
16
30
84
15
21
14
43
10
55
62
34
7
25
112
5
32
14
13
42
51
37
44
16
22
28
8
8
10
27
11
1
7
18
21
8
7
2
24
15
34
50
1
29
39
143
5
8
36
20
54
24
49
11
13
4
24
2
5
89
118
1
5
43
39
10
50
37
7
4
22
113
3
34
3
22
32
6
20
16
25
2
12
37
0
13
12
217
23
41
6
24
16
18
19
27
27
43
25
16
5
61
18
9
21
17
34
16
19
41
220
23
12
1
48
40
19
30
40
13
31
33
0
5
13
39
14
3
11
31
18
24
1
68
24
12
25
40
15
7
12
1
7
7
9
1
3
32
27
9
17
15
19
37
608
58
8
46
66
30
2
0
148
10
13
95
31
14
33
7
181
11
52
4
71
48
22
6
7
30
11
30
64
16
14
12
19
15
70
0
42
12
3
30
20
202
3
10
128
37
9
3
29
16
26
101
12
41
44
23
35
37
27
24
8
10
5
21
15
147
4
22
6
6
43
41
13
44
38
26
30
13
23
53
18
9
8
0
106
35
11
2
49
13
2
3
33
6
2
14
2
0
377
8
13
24
29
4
25
1
10
10
15
42
34
2
11
51
3
10
12
98
12
405
16
62
8
11
30
75
2
20
8
8
3
40
20
20
46
169
29
8
10
23
38
11
24
41
341
12
30
9
10
33
25
2
18
30
12
6
0
16
41
10
34
25
19
54
22
12
7
59
21
24
6
44
68
4
30
11
18
3
111
2
1
40
5
15
31
72
5
26
3
23
4
16
40
11
165
10
12
41
2
16
12
37
16
23
42
19
15
35
12
10
2
2
6
8
14
2
10
36
17
4
0
46
21
73
15
9
20
22
31
11
61
14
40
3
27
8
49
38
27
1
13
23
14
20
26
36
27
41
16
13
82
38
7
27
28
51
136
34
5
14
4
18
16
16
26
9
40
14
27
21
22
18
42
0
45
26
24
23
10
14
5
11
2
0
9
33
0
52
7
3
20
12
50
21
36
2
45
6
13
6
15
24
15
21
2
48
35
44
6
19
38
6
19
27
15
47
12
8
31
10
14
20
5
33
1
4
3
47
23
8
18
21
7
418
27
37
11
143
9
7
57
7
31
16
13
4
53
49
17
18
24
18
6
5
30
13
43
27
200
34
18
26
8
68
15
14
6
68
1
4
257
1
31
8
2
10
40
20
18
26
29
33
28
18
16
3
34
69
6
117
35
9
19
6
66
11
55
317
63
17
15
10
36
11
58
30
12
9
21
2
21
1
2
80
57
10
10
6
87
25
3
16
12
5
30
6
11
50
9
11
8
51
30
13
14
17
3
97
41
11
25
16
33
35
29
37
5
18
6
3
21
46
20
35
55
4
29
76
41
24
11
8
6
2
12
54
10
9
12
93
61
24
83
61
28
9
58
46
3
8
9
8
33
16
14
59
6
13
33
9
9
29
14
45
67
8
146
50
3
35
2
64
20
22
37
33
11
186
33
26
8
12
0
36
5
3
41
10
16
18
9
34
1
12
26
1
43
18
11
9
5
5
16
24
2
26
9
38
8
13
40
58
20
9
7
33
33
44
29
22
188
1
25
11
14
144
23
94
46
21
34
23
74
39
0
16
19
4
15
15
75
23
26
7
27
38
10
31
24
37
33
3
27
76
11
7
42
28
35
45
11
39
15
5
28
40
36
20
3
13
9
1
15
3
28
9
18
61
28
11
11
28
12
71
12
24
19
47
44
10
33
35
26
33
23
18
25
51
10
2
9
15
32
46
25
7
10
4
29
28
22
26
20
18
26
1
4
19
82
16
13
20
19
14
11
29
18
28
3
54
10
51
34
19
47
70
5
13
10
89
13
19
13
10
3
32
26
9
8
24
38
20
14
23
9
9
26
17
39
18
14
21
59
9
28
15
1
32
33
7
63
30
80
20
29
12
10
31
27
48
10
27
6
57
130
3
0
14
15
12
9
25
15
28
125
9
7
39
21
3
3
28
9
2
6
6
10
42
5
13
49
13
43
22
47
32
61
2
213
14
6
30
112
49
22
10
33
9
9
65
67
69
23
37
31
33
33
14
11
14
11
20
23
26
2
15
17
49
38
38
4
32
62
22
43
24
24
69
34
8
46
10
2
12
28
20
8
19
12
10
0
17
1
82
20
19
72
116
23
14
12
17
46
11
9
1
9
4
25
9
9
66
51
1
12
35
31
16
455
29
2
19
31
21
3
62
19
41
1
12
14
16
60
23
13
8
5
9
31
34
24
15
11
7
61
48
3
3
21
8
20
40
10
1
0
15
30
25
2
12
37
4
20
18
34
6
11
20
56
172
65
1
42
37
48
13
54
34
14
9
46
4
13
35
33
34
15
10
15
14
35
26
34
30
10
11
8
0
3
19
39
11
3
19
6
50
28
0
1
78
50
55
4
8
23
25
53
8
14
28
149
60
33
1
12
8
14
35
15
21
2
25
43
6
31
2
13
3
12
25
13
11
25
34
21
25
4
12
13
20
40
21
17
36
17
13
58
18
11
12
37
8
71
34
17
2
31
11
18
17
30
14
8
3
22
24
54
7
15
19
27
8
19
8
16
5
19
18
26
7
29
9
63
26
16
17
26
33
30
25
14
19
36
40
90
64
34
4
13
10
34
46
26
7
9
4
0
5
31
107
13
41
40
38
6
9
9
25
27
7
87
7
21
27
34
19
8
25
14
5
3
29
7
45
36
9
34
46
15
9
6
44
83
43
4
13
7
30
19
12
23
8
14
10
37
10
9
4
12
64
18
4
28
15
8
21
5
45
10
14
24
1
34
66
21
14
8
18
7
8
16
23
12
34
19
58
6
13
5
8
10
3
3
3
16
32
28
18
20
33
56
12
51
1
25
14
27
16
45
6
35
10
9
5
44
8
21
27
26
7
20
2
2
30
20
7
9
22
83
10
24
3
29
14
16
81
30
28
35
13
25
26
7
81
14
5
3
27
36
45
5
44
7
4
49
46
27
13
42
23
7
41
11
58
29
12
29
78
16
6
0
5
12
53
1
45
89
6
20
46
33
27
17
15
4
55
19
25
23
32
82
13
7
7
34
26
28
13
21
34
14
124
23
13
7
54
44
63
7
44
20
66
34
22
35
2
17
77
26
32
33
80
8
32
14
5
17
24
13
43
30
15
9
9
5
10
16
8
5
2
28
6
94
442
12
20
50
10
55
39
40
11
56
32
11
18
56
4
22
8
20
8
25
14
10
3
46
3
27
120
108
15
37
29
74
11
38
5
37
30
21
13
7
16
25
7
15
74
34
23
3
57
32
49
5
4
5
15
58
20
122
9
52
292
3
9
21
36
30
20
6
293
6
81
14
22
4
21
3
5
7
9
1
1
53
19
1
32
12
71
34
10
113
18
43
23
74
30
9
1993
12
45
12
24
53
41
324
255
15
37
16
16
26
27
8
10
23
34
16
79
47
357
49
22
21
53
35
69
41
21
29
19
7
4
26
10
70
8
28
30
9
42
8
15
3
22
22
7
0
31
30
0
19
106
12
37
14
19
29
29
58
23
42
8
120
9
52
9
14
27
5
4
22
33
19
6
10
66
4
8
7
32
94
6
22
47
20
38
20
11
4
7
29
5
15
36
4
22
22
34
32
11
2
56
17
646
2
18
20
24
19
11
41
23
12
23
7
13
28
10
56
29
31
31
83
363
49
5
35
79
19
22
14
42
39
24
15
44
58
22
19
8
42
3
32
18
13
24
93
46
25
37
7
35
12
8
48
81
11
7
22
35
1
40
11
25
24
17
25
90
33
27
51
81
40
45
52
14
35
5
45
14
67
18
34
40
36
33
13
18
38
74
11
25
13
30
29
9
15
227
1
15
19
1
14
10
6
20
16
32
26
1
7
27
32
15
15
5
17
79
96
45
27
8
13
33
27
34
29
68
1
78
21
8
31
42
14
11
10
31
14
126
4
11
26
8
0
33
7
39
12
36
27
20
41
16
9
40
6
3
13
19
10
61
2
18
3
4
25
188
46
70
25
37
10
87
16
23
11
14
16
14
10
49
23
2
49
63
15
196
47
7
4
4
84
26
44
9
12
39
47
2
75
72
33
8
48
97
29
37
8
1
39
42
21
38
11
3
33
47
25
48
70
2
14
34
31
20
7
4
70
9
3
84
66
10
35
23
22
8
6
60
12
8
33
49
3
13
43
11
10
27
3
73
46
22
30
23
24
10
4
29
13
33
13
13
15
12
127
14
21
156
6
15
9
8
23
27
27
2
41
2
10
10
32
1
7
22
31
11
1
3
23
20
86
3
15
55
45
39
16
15
44
25
3
9
28
45
147
4
29
53
47
12
39
19
11
5
30
44
15
63
63
2
51
5
36
34
16
106
24
32
21
71
17
11
15
8
11
16
8
10
8
4
11
33
41
19
3
18
13
18
18
45
33
59
14
20
43
10
30
9
35
12
39
32
28
25
6
10
20
52
23
15
8
5
9
34
5
9
20
50
7
40
3
33
40
43
5
114
5
3
0
3
30
26
51
19
23
53
0
2
11
16
232
34
19
3
55
20
17
43
19
10
42
9
7
34
13
34
28
130
16
50
37
47
9
17
16
66
27
3
13
36
6
10
30
25
10
259
18
15
36
19
9
61
8
63
34
22
10
0
16
8
16
14
1
14
27
33
33
56
82
67
0
6
42
90
113
9
272
38
7
61
12
18
5
40
29
34
84
40
28
63
42
161
12
63
20
4
6
20
13
20
26
5
4
8
11
28
11
55
9
17
12
12
9
451
9
11
11
10
41
3
20
10
13
20
20
18
23
30
95
2
6
24
21
24
6
20
13
59
33
6
27
13
59
27
2
36
5
13
38
43
1
8
41
39
8
12
12
44
5
12
1
7
14
21
46
33
32
19
32
2
33
134
292
38
16
3
10
3
7
21
18
15
33
5
13
12
4
13
22
8
2
32
22
114
116
11
9
34
6
16
1
12
35
16
10
105
8
30
33
13
27
9
32
23
5
4
372
4
6
13
9
31
9
31
5
9
24
18
27
30
45
8
19
28
32
49
9
14
46
4
3
15
9
8
29
7
29
4
20
34
5
71
20
57
3
18
19
15
20
17
107
24
59
18
13
2
10
11
28
15
20
33
13
28
22
41
18
17
255
3
27
52
143
26
26
14
31
33
44
14
91
35
19
0
175
24
11
1
179
7
6
3
62
21
91
7
16
1
38
36
29
34
4
14
29
4
17
9
40
53
6
12
24
30
44
2
7
17
100
59
41
90
30
1
15
39
14
15
24
54
19
15
2
6
28
3
13
7
7
10
20
13
4
11
14
5
38
3
17
95
13
10
0
25
1502
8
6
47
59
6
12
20
44
10
76
6
40
35
44
233
0
14
3
18
4
10
21
45
49
70
77
39
133
84
13
62
4
2
6
11
22
25
3
6
27
15
6
8
7
25
41
24
35
24
12
13
31
88
3
30
24
33
37
39
29
34
9
18
41
13
4
26
19
32
24
16
5
27
19
14
8
20
1
20
50
289
48
7
31
7
3
13
5
14
70
62
44
43
9
10
3
30
10
17
28
41
12
36
20
10
11
3
60
4
9
21
26
9
1
11
222
21
44
17
11
22
16
4
35
8
28
20
12
9
0
5
23
4
41
1
23
12
30
15
15
9
37
25
34
29
15
46
31
7
12
16
24
25
9
34
9
22
19
11
52
5
17
36
4
13
48
0
14
19
35
17
49
22
102
9
2
14
29
21
14
32
18
12
10
77
44
15
23
15
16
32
12
25
27
2
72
34
42
2
25
41
50
13
2
27
9
16
52
28
3
21
3
76
21
36
7
3
4
12
0
7
34
9
35
34
29
27
5
34
42
77
30
31
3
4
107
30
27
12
10
11
23
9
21
43
28
27
22
35
21
7
18
29
22
8
39
401
45
29
9
72
21
23
13
17
59
18
36
10
55
27
20
1
24
2
51
9
32
50
27
36
13
14
30
8
25
122
30
23
10
43
60
9
33
12
3
10
20
151
7
27
57
13
11
15
14
24
15
37
10
3
22
1
57
43
26
8
20
84
32
66
3
2
20
20
0
31
49
23
14
7
40
15
44
23
39
21
5
171
4
26
34
6
24
17
26
12
9
11
11
3
48
8
5
22
15
16
115
13
17
12
43
5
14
8
53
10
19
17
14
30
44
14
8
29
24
5
5
38
11
48
12
225
6
17
25
48
13
8
9
15
14
29
3
4
30
12
6
24
42
10
17
32
16
44
6
16
13
8
1
241
23
44
42
34
5
127
12
7
9
7
7
34
16
9
22
12
40
7
21
47
30
29
16
28
73
28
33
29
4
38
34
4
1
555
13
7
31
38
17
0
33
5
4
22
134
7
9
12
16
67
5
22
51
10
82
4
26
6
10
21
3
2
28
28
29
3
25
25
96
30
27
2
8
10
22
26
1
6
8
31
8
19
17
33
24
8
27
11
15
352
15
1
4
23
17
40
72
17
78
21
31
17
8
46
2
23
26
8
7
0
12
20
26
1
139
22
40
19
33
35
115
7
23
32
13
22
13
1
39
3
28
9
42
7
15
40
33
13
12
5
57
6
32
7
11
13
33
76
23
62
28
12
10
44
23
33
32
22
24
31
20
7
2
13
22
55
15
29
14
27
40
19
15
14
13
6
94
40
17
6
12
9
73
8
13
63
22
37
50
14
13
4
662
10
20
17
13
19
16
4
44
8
17
14
14
4
27
36
37
25
24
44
21
13
12
18
12
1
22
38
29
11
31
6
10
36
5
12
25
30
31
8
15
35
45
1
4
13
62
11
12
24
77
0
9
25
11
19
31
16
20
4
12
10
5
14
11
15
25
11
27
3
23
51
4
44
4
21
28
12
28
27
9
12
28
18
11
16
77
39
64
21
11
18
74
21
23
34
6
94
34
29
34
19
32
40
10
22
12
12
3
7
17
48
33
23
33
11
1
27
54
11
31
25
29
35
73
15
3
38
2
7
32
0
8
10
15
153
16
22
34
6
92
17
22
89
0
32
342
42
2
7
11
2
18
2
6
33
23
27
13
1
25
6
23
24
8
2
33
25
2
35
4
1
2
24
38
13
34
5
35
1
36
19
16
13
38
11
38
17
18
12
17
5
25
8
13
31
47
23
74
22
8
10
9
44
6
35
6
17
11
14
41
20
4
27
59
25
32
14
1
9
16
8
33
6
3
43
5
40
12
30
13
38
29
33
32
47
23
18
39
36
11
117
2
13
24
60
3
48
23
7
1
18
19
27
55
16
8
35
19
21
35
9
19
23
15
9
2
15
26
3
10
21
65
4
9
2
0
4
5
59
125
61
35
4
8
14
36
35
10
22
21
124
40
3
24
32
10
16
5
26
32
16
58
10
10
37
29
3
2
242
24
42
0
42
19
18
4
1
49
58
105
23
4
43
2
30
28
20
31
34
27
8
136
66
9
11
26
54
12
23
6
63
15
23
14
19
40
4
14
130
87
2
38
42
23
18
25
15
2
51
21
19
22
50
72
4
36
36
34
309
33
122
4
40
18
27
18
33
36
19
17
5
14
8
4
5
41
21
5
22
23
14
11
28
97
8
34
19
23
16
1
21
35
1
23
50
17
154
173
5
4
54
3
3
2
22
45
20
13
12
22
16
36
49
3
3
17
19
10
4
14
51
12
59
43
6
394
10
10
11
80
33
41
26
42
0
30
1
29
6
37
96
39
3
1
69
11
175
7
19
1
4
9
31
6
218
31
7
21
41
21
84
6
6
17
13
20
44
3
3
41
31
37
34
25
26
9
21
1
7
43
12
31
12
14
12
11
36
58
7
8
84
91
59
25
13
45
15
20
9
38
24
33
228
38
46
315
37
1
8
29
5
13
12
17
11
2
33
42
5
10
4
15
39
38
7
3
14
22
16
13
51
29
38
80
59
32
10
10
3
15
15
42
22
9
25
92
26
3
18
15
27
68
39
9
19
31
39
13
28
5
19
68
31
52
2
72
4
20
80
4
5
1
2
8
9
18
11
4
70
7
83
9
9
7
5
11
21
10
31
22
16
27
24
95
130
22
37
8
27
18
12
7
28
38
2
10
28
165
17
28
6
13
12
17
10
15
6
743
8
41
28
11
69
14
1
8
14
23
29
123
14
53
17
86
162
27
5
1
66
119
9
3
8
19
42
21
20
9
33
24
27
10
43
43
9
20
27
29
28
5
50
19
32
17
35
21
2
20
12
33
29
25
20
71
24
11
7
30
13
27
126
42
22
2
13
4
24
8
2
599
36
9
21
17
34
41
14
35
32
21
6
23
0
0
27
2
5
46
16
66
8
177
40
17
4
7
59
12
23
37
1
86
59
32
51
23
16
32
159
106
48
0
32
93
30
36
11
28
28
7
44
15
28
41
9
11
12
26
334
25
15
32
31
19
11
92
18
3
3
15
10
18
11
12
6
1
32
40
24
6
8
9
42
27
54
86
52
33
28
33
21
127
90
5
52
36
22
29
12
41
37
14
7
24
21
11
14
36
16
41
18
1
22
7
39
35
52
16
11
32
5
10
14
11
33
70
8
5
36
19
35
37
29
20
10
11
11
41
26
99
42
6
4
5
44
7
1
14
1
19
37
56
7
21
32
10
17
39
4
37
17
18
5
15
53
3
33
5
3
19
31
5
11
14
7
141
5
4
60
32
30
23
20
22
18
14
15
56
15
20
48
41
91
51
26
28
8
19
2
29
10
28
100
20
1
38
8
14
13
26
13
27
28
29
17
64
18
37
20
27
1
3
23
43
96
1
11
3
2
1
29
1
32
5
30
21
29
61
9
4
11
34
19
27
13
35
7
36
21
24
3
48
6
13
18
7
17
30
2
14
10
8
3
51
16
4
16
7
18
14
19
30
2
34
5
7
11
14
42
36
22
3
31
49
3
29
29
16
0
31
4
42
34
6
18
8
54
1
51
49
13
99
24
2
33
3
36
52
38
13
10
18
33
15
48
100
11
45
9
1
19
48
13
37
52
70
19
65
15
4
9
9
23
17
31
21
12
47
15
11
4
25
17
19
6
61
13
10
13
32
1
11
56
37
21
8
55
9
18
3
2
12
31
429
1
39
35
7
15
47
21
155
30
34
47
15
227
5
261
30
9
47
32
36
33
15
54
23
89
27
4
46
44
0
48
30
5
12
13
29
23
10
22
26
21
23
28
15
3
79
26
12
16
12
6
1
26
8
37
97
17
20
6
34
6
69
2
45
23
4
14
64
36
10
98
46
3
32
19
2
22
171
62
31
19
27
29
28
31
16
2
0
6
14
11
150
21
5
21
12
101
38
56
18
27
7
37
8
10
20
20
4
54
20
27
13
82
46
0
54
10
9
86
12
50
23
18
106
32
38
19
34
9
18
90
62
34
13
19
27
7
28
85
57
3
22
9
12
15
20
43
3
32
9
91
9
27
109
9
57
63
0
88
89
2
3
19
12
21
11
278
34
35
36
12
18
29
23
13
39
6
9
5
63
24
7
15
26
