20
91
126
73
4504
26
20
106
45
33
143
65
30
55
25
1
53
5
48
3
102
40
89
5
42
53
28
51
82
23
87
48
29
51
27
29
63
39
25
65
9
220
44
22
30
24
50
63
9
142
19
17
25
80
26
68
66
2
45
20
138
25
40
45
7
317
50
34
14
24
45
47
20
43
61
66
45
8
18
37
78
67
55
44
23
4
389
9
48
23
53
24
19
69
10
25
33
9
19
53
21
13
75
44
90
21
52
70
51
10
9
201
46
23
96
25
51
26
18
30
56
59
102
22
32
146
2
10
32
91
14
32
70
57
310
59
13
51
43
10
10
8
22
220
47
23
109
131
36
21
54
48
6
8
1
55
72
46
227
19
58
20
95
89
22
2
19
46
32
23
103
31
79
623
11
79
106
32
86
7
46
54
67
140
54
26
73
32
15
32
47
19
40
11
30
18
29
24
184
11
13
59
44
115
12
120
25
57
103
17
9
88
17
56
5
99
14
35
7
70
673
36
75
5
45
36
46
42
81
90
53
217
18
34
50
37
76
60
52
36
32
56
2
35
75
22
1
92
62
30
32
65
44
34
43
238
23
26
1
53
43
142
53
40
54
91
50
34
46
1
52
75
2
9
20
39
50
6
88
59
6
148
80
8
16
72
29
21
43
30
8
24
17
48
869
34
10
45
69
7
23
91
89
51
15
77
26
26
56
62
10
25
2
15
23
87
18
97
4
23
8
24
46
40
4
68
31
10
56
66
166
4
44
11
7
11
99
8
36
15
57
146
13
118
53
15
29
106
12
33
143
44
49
101
76
50
67
19
33
23
19
17
98
64
17
96
64
25
18
23
8
7
58
26
10
56
70
22
75
16
1
75
16
44
115
24
15
4
76
72
32
74
44
12
20
38
100
75
162
4
120
17
8
19
11
65
6
121
11
18
79
47
54
50
30
12
27
96
22
61
155
67
74
85
513
29
58
3
69
83
53
15
10
37
75
86
59
28
19
91
81
67
23
30
16
37
54
66
143
38
114
46
327
66
17
98
11
53
27
100
4
84
75
27
60
16
36
7
977
50
5522
25
55
2
51
28
24
31
51
69
64
60
16
46
65
71
17
21
4
20
25
23
68
17
136
65
24
24
4
128
57
68
52
187
13
10
10
49
67
20
44
22
17
54
19
43
74
31
45
22
114
21
130
120
30
11
8
22
10
73
411
19
2
23
159
39
2
42
11
8
6
23
29
78
39
29
41
10
10
120
82
7
901
243
2
50
9
52
72
25
70
34
85
60
20
139
32
24
27
22
4
69
19
59
13
38
21
2
24
75
20
97
119
31
41
17
73
26
13
17
91
67
1
26
47
161
122
59
74
84
19
62
74
25
103
68
23
53
11
55
17
43
688
14
12
72
90
10
39
6
57
53
105
30
105
69
16
48
67
16
53
9
86
45
35
74
41
192
9
59
28
2
33
42
8
40
79
19
49
27
53
60
19
77
63
2
41
20
11
75
64
12
52
38
19
63
77
3
22
4
23
24
22
244
36
49
158
65
64
51
26
85
104
45
32
50
20
75
18
7
58
21
74
17
14
72
379
63
2
18
45
4
46
36
23
31
71
8
228
6
16
110
8
56
46
470
20
116
51
42
72
53
22
7
48
32
22
68
70
14
17
74
24
2921
74
20
86
8
59
6
105
22
19
48
41
1
18
55
8
162
5
25
18
35
74
79
110
57
2
43
21
61
38
505
4
27
94
24
92
23
16
11
48
41
79
3
105
11
45
27
10
40
115
4
19
47
41
16
7
108
59
2
16
8
218
69
89
10
127
24
135
0
5
35
74
2
51
118
159
66
5
19
2
86
67
16
41
80
55
129
110
26
20
76
24
54
18
77
9
57
25
39
58
11
78
52
69
47
37
79
145
29
124
14
36
80
27
51
39
16
10
107
198
24
7
34
2
36
53
18
97
1
198
46
48
70
44
25
11
55
30
7
25
11
42
79
65
85
23
24
23
119
4
10
85
66
27
106
292
46
30
64
48
19
52
31
3
5
77
30
43
104
23
55
83
495
46
12
60
37
4
220
102
5
87
104
16
4
24
35
138
32
52
66
4
75
50
63
18
13
11
50
220
19
6
102
48
44
32
4
23
24
67
56
22
58
17
1315
9
80
46
18
56
32
20
153
1
112
24
18
21
17
5
74
30
57
80
41
86
218
22
36
11
78
20
56
38
120
14
17
88
2
19
6
12
74
119
33
62
126
22
9
47
41
155
68
337
30
22
3
33
38
44
32
10
45
53
15
36
22
13
77
109
22
22
8
17
29
26
15
66
9
28
87
21
68
87
31
8
19
43
34
54
22
19
79
105
50
65
504
35
17
22
79
22
26
55
38
146
20
35
25
29
24
40
161
26
81
8
2
102
59
32
16
79
83
16
58
38
2
55
262
20
56
36
26
87
137
4
53
40
37
60
5
8
33
128
98
61
45
97
2
18
18
18
72
26
31
99
50
59
103
26
39
33
49
13
79
95
3
89
57
28
58
80
13
35
66
10
11
47
19
54
13
8
46
60
61
4
55
8
20
9
66
32
60
98
63
3
78
4
46
46
20
18
73
79
130
15
80
66
79
26
52
27
36
69
37
33
38
19
382
24
46
49
16
15
47
33
27
77
180
26
25
2
34
39
60
34
22
60
16
23
25
19
13
10
31
14
75
34
60
63
47
27
17
14
24
15
7
13
64
46
17
24
86
3
26
35
151
39
46
12
57
42
40
28
65
60
21
16
66
17
15
70
221
9
62
57
44
90
18
14
48
121
45
13
58
27
7
45
60
54
11
37
55
27
9
45
49
78
70
36
12
10
79
36
15
16
34
232
54
22
25
35
682
60
56
131
54
21
27
45
72
74
120
14
27
31
51
70
105
181
61
38
7
11
97
17
37
20
29
23
44
17
83
59
87
44
40
14
95
29
25
4
29
55
42
42
43
11
76
541
7
24
59
6
7
13
80
47
17
37
62
83
41
70
36
36
79
345
45
16
58
6
43
20
22
5
37
81
15
8
4
80
2
23
38
17
54
11
73
50
50
65
107
77
65
52
96
86
30
47
17
17
4
72
18
53
26
51
62
69
22
38
15
64
77
88
13
57
37
32
66
27
7
15
18
6
21
47
29
23
9
34
17
73
29
13
117
4
109
25
22
33
105
17
23
42
37
88
31
65
166
65
165
31
36
16
64
56
9
71
58
246
20
84
101
17
19
25
54
44
417
35
13
200
15
12
66
58
69
44
65
82
15
79
20
49
33
2
51
80
56
18
9
283
78
26
76
5
34
23
31
7
68
73
2
206
1090
34
11
41
13
15
45
83
925
45
48
70
18
1046
49
53
9
22
53
93
21
30
42
17
20
21
151
42
30
42
3
7
62
44
45
114
44
75
156
8
24
59
3
43
55
57
136
2
4
65
149
129
51
77
2
151
55
8
19
56
32
9
109
11
13
60
11
34
29
75
10
64
21
27
189
14
40
50
96
100
27
106
29
13
61
36
89
159
74
31
31
32
2
51
39
62
81
64
32
49
22
6
3
20
75
53
63
79
38
12
42
74
61
121
20
1
5
19
38
57
6
64
12
64
16
18
42
43
34
83
28
8
41
39
20
40
10
27
97
18
97
25
145
1
2
6
73
27
53
54
98
41
66
55
15
28
8
13
21
62
76
17
77
33
66
13
2
66
105
30
19
11
16
34
7
62
1
51
4
507
23
26
22
11
33
355
85
55
59
55
336
37
48
40
122
76
41
2
20
19
19
4
48
419
1
116
76
43
17
82
76
26
27
153
42
254
46
31
6
6
49
29
84
95
277
10
45
51
55
44
43
49
13
48
105
89
33
79
70
2
39
77
83
58
18
20
131
1
168
35
65
34
50
32
8
192
49
70
34
94
453
197
10
8
79
210
5
47
15
60
124
14
25
109
29
21
21
76
34
3
64
42
17
84
2
73
50
51
27
154
17
50
4
12
54
40
253
18
49
81
12
4
29
4
43
16
12
20
12
9
29
103
54
34
4
69
140
215
51
13
53
59
45
65
34
174
29
51
12
33
7
26
7
63
5
7
50
46
80
107
61
59
49
70
65
63
71
95
133
11
29
68
1
55
29
60
6
99
54
335
116
41
8
24
44
16
40
33
149
37
70
15
8
1
2
120
243
18
12
12
73
54
6
25
17
22
77
28
38
20
18
33
7
17
69
81
11
68
4
179
15
28
21
69
64
20
10
99
6
19
178
11
73
16
34
25
24
73
39
37
21
31
4
72
97
15
28
50
20
39
24
17
76
354
55
5
29
18
31
26
19
25
81
80
28
21
73
34
17
92
57
97
79
78
37
62
38
3
17
49
60
194
26
17
82
86
326
73
113
21
13
59
13
95
13
9
32
7
60
108
30
15
3
39
75
16
44
88
15
1
135
78
148
44
3
22
39
48
37
84
1616
70
18
60
70
2
42
33
65
37
37
50
8
74
196
195
58
29
87
9
24
42
3
80
14
57
81
164
22
66
12
33
66
91
165
4
46
16
26
132
15
30
21
65
7
126
65
109
22
19
73
79
89
14
10
8
33
86
25
53
110
26
47
47
12
158
25
3
71
71
6
40
96
52
20
30
85
14
9
184
4
39
105
70
6
23
25
48
44
65
79
22
26
27
2
92
17
44
30
14
11
85
56
59
44
11
44
24
109
8
73
59
16
362
60
20
34
153
35
24
91
6
91
21
4
41
26
28
11
95
7
3
25
84
8
7
72
30
27
44
17
24
54
60
59
85
37
3807
128
18
37
70
16
6
43
182
29
165
122
75
56
29
48
29
29
60
16
38
7
7
20
33
43
30
523
17
20
23
66
28
50
47
40
58
72
51
46
3
40
24
54
24
69
111
57
50
15
303
46
87
94
11
59
26
30
78
18
15
1
2
19
10
59
14
63
39
85
13
91
58
67
19
173
14
42
60
78
4
61
179
33
11
352
51
3
45
170
1
45
2
101
67
64
55
16
94
52
16
14
41
13
54
5
45
112
26
4
17
51
2
115
16
48
1
13
6
33
53
23
98
50
27
20
60
4
11
22
87
18
73
3
49
30
22
11
322
90
53
74
76
55
109
5
14
14
46
36
118
135
85
136
17
55
51
1
3
15
52
80
8
60
9
25
10
85
16
64
109
38
47
66
3
13
56
22
29
71
61
9
134
15
153
23
48
32
23
51
45
32
124
822
57
42
157
45
51
24
40
19
34
17
32
95
13
115
8
46
155
561
51
181
64
79
79
122
10
6
11
13
40
18
602
8
113
2
21
43
80
50
20
31
91
32
74
21
15
4
1
9
9
49
59
16
14
29
132
25
18
2
14
2
154
23
16
122
10
71
32
24
42
221
32
47
60
50
63
54
89
21
19
18
9
66
18
23
36
99
30
44
26
114
70
41
6
941
59
418
66
21
5
57
168
89
10
71
15
27
30
84
5
23
8
3
7
101
31
35
34
53
42
43
18
5
4
6
25
12
19
67
24
15
62
80
20
17
10
20
12
33
75
2
58
20
28
75
54
36
30
205
125
78
53
24
46
44
86
25
95
25
45
43
18
203
5
6
192
73
43
55
5
32
13
120
56
35
51
21
8
1
11
144
28
29
77
81
1
21
143
52
22
14
66
47
79
21
72
28
21
151
90
2
46
41
70
37
11
56
82
54
76
43
45
54
12
13
3
90
94
19
24
67
84
57
527
29
52
20
21
44
23
202
29
91
4
207
53
2
90
37
33
4
35
17
21
61
40
12
16
8
22
70
21
878
12
83
2
57
50
74
5
33
68
136
32
72
62
24
46
29
16
24
10
150
4
38
23
57
65
96
116
114
2
142
9
56
15
45
99
41
46
95
63
55
61
121
64
23
15
2
32
49
24
167
19
18
70
1
47
19
72
23
14
41
14
28
3
7
17
45
33
35
28
11
70
34
18
42
275
89
108
189
22
41
38
65
77
95
17
79
8
1
87
13
58
17
19
82
16
3
66
48
14
10
6
128
410
53
128
54
21
54
154
28
28
13
72
41
17
41
63
59
35
8
55
39
4
28
49
33
101
17
208
65
528
142
58
31
64
56
70
9
4
18
2
3
70
76
16
76
18
384
21
41
15
20
21
19
158
67
2
50
30
7
15
192
49
16
47
68
53
32
14
40
25
63
30
34
72
11
61
9
504
26
34
21
18
32
69
64
57
14
609
91
25
22
80
164
18
60
41
14
21
105
63
1
104
27
48
9
17
56
44
27
63
6
29
20
7
61
8
30
56
5
6
229
66
28
37
31
79
207
34
16
39
72
50
7
107
73
33
32
50
24
8
161
45
60
171
68
8
20
36
57
30
84
1
46
27
269
58
2
3
120
35
37
61
411
103
52
78
73
10
53
90
2
53
209
18
47
58
20
116
116
1
16
79
175
68
2
34
35
41
56
3
13
19
62
26
48
14
32
7
207
11
44
21
61
6
32
79
85
54
39
129
40
37
94
8
23
51
17
11
137
207
105
27
2
282
34
20
31
6
24
36
12
56
3
48
5
33
197
16
27
27
48
66
57
53
24
196
5
24
41
58
33
3
72
23
241
70
34
11
20
7
62
59
61
3
197
7
45
114
20
47
94
23
45
53
53
59
50
22
16
67
11
50
14
82
20
79
20
21
93
19
17
67
10
81
58
21
9
66
60
4
13
30
75
3
24
131
76
27
31
56
53
20
5
102
76
19
49
95
30
55
94
18
15
51
34
49
60
31
89
30
23
4
117
106
66
23
114
4
66
129
105
76
42
40
71
15
22
79
27
12
31
58
5
16
23
38
25
104
24
45
46
8
55
18
107
48
58
53
73
39
13
18
124
16
123
39
33
64
27
76
23
11
22
36
48
192
47
39
60
24
65
23
66
64
20
67
93
661
44
166
87
47
83
320
106
16
75
39
52
23
64
2
15
54
75
24
78
224
82
37
63
63
2
41
74
36
6
61
37
4
23
1
25
5
41
53
141
69
31
56
95
158
51
23
15
38
10
59
15
29
25
96
42
90
101
34
33
58
14
95
41
18
14
40
12
34
75
73
15
5
29
67
60
27
15
32
2
52
57
209
97
75
15
74
19
45
5
155
234
2
58
207
60
40
7
103
109
42
49
40
59
13
15
17
118
16
38
19
44
2
41
31
19
58
53
18
136
30
6
27
0
54
108
37
69
27
23
75
32
14
273
1120
21
107
15
10
55
5
43
49
14
25
12
8
9
22
16
48
63
11
56
24
270
78
22
3
93
42
45
5
119
6
87
46
55
62
102
29
38
25
70
159
64
63
80
18
29
19
37
71
85
9
59
11
12
180
55
95
16
116
27
55
17
79
53
17
62
14
57
16
16
13
36
57
42
103
78
70
20
16
23
11
36
117
77
4
176
148
6
27
75
47
75
120
12
86
44
45
9
74
76
16
13
9
196
8
9
79
30
59
16
52
19
15
91
53
66
97
85
76
39
23
50
97
47
15
5
15
6403
37
53
36
67
54
45
115
57
90
21
48
38
100
261
399
107
199
13
44
24
4
56
15
17
71
48
17
19
14
127
195
26
57
45
76
40
50
27
25
36
64
44
7
40
96
18
41
77
93
83
30
12
46
18
63
23
71
35
203
184
28
57
93
108
10
19
43
26
37
35
80
38
46
25
73
42
11
18
252
12
141
146
168
77
76
125
92
265
73
21
63
42
112
18
60
11
10
26
54
39
30
45
68
31
5
12
58
33
52
47
51
25
29
50
51
83
404
67
153
71
75
71
105
4
24
49
466
7
63
85
1223
36
10
95
27
13
29
49
43
50
1
174
89
7
85
23
31
13
87
14
76
78
21
13
33
11
28
19
48
53
60
57
46
23
225
87
228
114
55
15
99
40
78
48
9
59
33
20
143
26
41
76
47
70
9
27
34
39
71
186
19
24
7
15
47
59
20
33
10
56
40
57
74
29
4
262
428
64
3
34
108
76
12
16
24
12
151
46
63
10
49
154
29
76
83
6
19
30
43
79
19
771
58
47
15
161
48
19
27
67
24
77
5
40
52
54
7
38
21
19
13
66
54
13
53
4
44
24
91
17
72
26
30
45
4
6
2
64
63
121
52
45
4
22
5
4
34
28
48
63
3
29
11
41
4
43
44
41
380
31
38
35
18
33
138
86
258
73
37
22
65
246
88
63
4
53
181
12
1
32
148
71
24
17
68
41
35
108
45
13
39
91
49
8
63
13
25
2
30
48
6
40
18
13
24
27
70
16
24
14
27
35
108
128
89
24
46
7
102
53
73
67
4
217
16
65
30
56
6
29
16
49
63
90
71
220
27
183
22
9
12
39
110
55
16
29
68
80
16
249
70
35
49
13
2
22
30
33
21
24
42
34
68
30
5
4
2
26
65
25
258
60
6
28
79
60
6
21
47
24
174
9
22
15
47
96
11
17
65
34
11
133
29
60
33
61
25
86
77
24
17
32
30
107
80
189
43
173
116
103
8
39
105
10
18
143
33
24
16
22
105
104
21
209
69
25
235
44
89
14
75
15
559
16
23
22
28
48
49
76
27
144
21
22
21
61
80
31
140
17
12
53
1
16
85
40
23
21
28
25
11
12
29
101
70
15
64
21
111
7
21
75
45
55
8
42
4
4
8
118
81
24
54
14
28
57
98
81
74
6
10
51
57
14
67
10
21
48
48
123
15
15
32
68
76
53
25
100
56
42
51
6
103
58
19
109
82
168
128
16
60
20
16
23
85
110
6
9
15
51
114
1
52
52
40
11
90
56
33
58
55
22
74
28
67
22
46
23
95
51
14
43
336
20
60
52
26
8
17
62
12
78
120
72
103
20
24
33
308
26
156
87
20
67
16
13
5
16
15
70
71
106
14
48
9
46
25
54
21
18
46
65
55
9
133
21
46
53
14
70
61
57
17
21
197
31
22
234
11
41
75
16
26
73
8
13
67
4
28
73
28
4
47
69
28
86
29
163
43
38
25
57
44
59
24
714
45
21
89
16
24
4
4
20
56
5
15
84
54
18
12
3
61
62
10
28
47
18
50
77
158
71
63
2
100
24
24
66
29
6
100
10
20
10
10
125
98
35
31
55
16
57
52
58
75
16
19
116
24
45
70
13
70
1
19
40
218
37
43
151
34
5
21
72
47
32
17
70
27
35
55
90
67
30
60
36
60
30
66
228
9
44
23
65
48
33
134
16
65
101
50
16
79
100
21
28
71
26
30
72
46
5
7
106
18
46
78
21
59
12
30
6
29
22
34
105
28
4
23
80
61
56
14
77
30
25
35
14
24
103
7
58
36
77
13
50
29
27
37
88
2
195
65
37
84
35
108
6
93
40
97
45
84
20
25
33
101
71
18
158
46
57
14
79
71
63
28
28
63
117
20
26
121
14
129
87
34
17
52
11
21
16
25
27
9
10
29
48
1149
41
28
10
20
76
19
82
45
52
49
39
20
15
2
82
130
25
325
131
21
37
15
53
42
45
56
10
80
79
822
62
58
26
10
93
2
67
17
54
44
27
26
45
38
24
56
60
23
56
108
38
13
51
49
30
27
104
56
32
60
70
19
26
61
15
15
69
19
2
41
23
64
72
170
8
37
68
14
30
53
17
38
2
33
59
68
111
44
25
20
14
51
42
68
87
65
18
10
53
36
100
45
17
32
241
16
51
57
21
381
22
78
7
49
147
52
27
62
86
16
10
33
116
54
61
25
72
21
17
18
64
4
94
7
10
50
10
91
10
27
58
131
8
45
19
29
13
10
79
23
27
35
286
78
58
6
43
36
12
29
4
30
44
5
12
11
27
1578
53
72
27
55
42
7
18
47
69
188
21
7
72
213
12
11
95
44
6
9
37
215
8
1
48
39
77
30
28
11
160
50
12
58
29
19
115
2
8
27
18
77
11
28
26
98
34
5
104
69
66
19
2
29
6
1744
47
20
12
163
41
31
26
786
11
26
81
25
9
43
39
106
30
44
15
2
13
17
27
57
22
27
37
15
65
22
85
73
5
54
36
55
46
39
46
55
24
64
82
3
112
72
9
25
62
44
6
4
34
18
56
63
84
92
39
58
156
11
85
29
67
31
48
67
132
93
38
76
17
2
92
14
36
42
7
61
22
20
46
76
84
8
117
19
17
147
80
105
2
56
80
8
55
143
22
16
27
30
421
68
46
116
58
24
1
136
7
1
33
23
67
37
46
522
16
352
22
22
21
40
20
57
82
34
187
43
26
68
23
63
14
25
34
80
6
21
57
65
58
16
63
37
41
93
62
6
2
55
183
14
83
83
21
34
14
74
13
72
35
6
54
73
11
7
33
30
69
52
4
25
16
63
28
83
20
6
138
14
36
45
98
178
37
9
36
132
69
102
66
151
66
51
40
53
30
61
136
84
27
43
83
41
71
30
80
263
45
15
2
41
140
5
17
48
32
6
125
47
13
12
32
7
840
7
69
91
74
128
92
31
47
43
2
1
22
66
6
41
11
9
71
13
25
62
40
84
6
37
18
61
164
16
20
26
2
20
87
23
31
24
14
53
18
444
66
49
33
548
36
10
10
43
19
23
40
15
408
8
12
55
46
68
42
66
65
44
49
71
6
44
36
11
16
38
48
60
23
51
64
22
44
59
97
10
59
220
28
75
86
130
29
120
2
4
60
46
224
81
77
105
25
78
397
58
3754
39
63
59
61
42
9
23
69
108
20
25
64
12
138
129
42
19
14
63
56
60
14
41
14
163
61
135
24
65
15
116
62
53
68
77
85
78
9
48
37
40
9
100
10
103
424
28
27
96
51
111
84
64
9
88
3
52
75
43
21
24
159
63
292
36
28
12
80
37
11
75
26
15
76
66
81
75
56
27
150
27
32
41
45
11
214
21
62
62
94
57
70
28
10
128
57
95
13
42
93
14
43
1
44
112
46
70
22
12
62
32
58
101
20
73
33
43
55
159
30
48
46
43
6
64
202
69
57
17
15
67
21
9
81
72
30
81
31
63
16
125
45
12
8
22
24
43
36
62
21
73
51
23
12
19
79
50
23
50
14
87
63
42
56
92
18
56
26
51
83
84
17
35
73
126
63
68
28
82
19
99
81
20
20
81
52
6
76
16
69
57
17
25
12
65
45
635
72
66
22
90
20
86
113
11
25
23
49
9
64
92
24
62
68
60
2
15
75
1
54
52
151
23
8
98
47
25
18
99
11
77
21
67
90
73
72
43
26
237
61
21
72
48
25
65
8
75
97
5
53
73
183
25
28
29
71
44
91
139
21
14
47
9
60
583
38
21
34
2
44
7
45
17
34
4
42
21
78
132
60
246
28
70
137
24
83
38
46
54
69
29
60
16
53
31
17
63
67
33
20
149
84
229
46
50
22
46
23
72
46
44
29
17
26
57
6
18
16
62
19
30
5
304
105
25
333
27
155
9
54
109
13
45
59
40
74
41
84
36
58
60
4
18
76
162
17
42
104
19
146
29
10
23
20
17
38
56
69
193
34
23
23
50
212
8
52
18
16
106
25
34
16
34
16
130
80
61
56
34
62
89
21
39
24
50
170
85
62
11
52
25
86
3
9
19
81
24
12
5
6
6
80
25
45
32
43
26
118
57
29
20
55
49
7
72
21
160
55
32
69
58
43
56
40
78
49
106
193
6
33
109
102
46
50
63
112
25
17
28
65
59
6
78
10
85
54
60
21
56
55
49
8
21
78
58
8
179
16
32
40
32
67
88
19
55
10
273
70
36
19
12
924
48
53
11
17
24
37
68
54
19
64
81
88
29
76
39
26
44
17
14
68
434
757
996
57
1
60
36
75
21
21
86
132
96
42
44
19
44
39
38
365
17
13
45
99
142
51
80
2
19
103
655
32
36
28
4
21
22
4
21
18
46
4
24
32
71
5
110
20
55
20
40
60
65
33
59
105
74
19
51
14
88
21
55
58
62
60
1605
50
15
38
42
4
94
49
79
48
15
181
72
23
47
18
84
74
28
82
70
118
17
55
30
510
57
65
57
38
51
55
46
10
26
19
139
28
106
244
145
65
69
16
42
46
9
11
36
68
86
14
70
1990
49
5
6
81
66
62
18
9
62
64
84
82
34
33
50
20
20
62
78
3
21
22
78
179
81
49
23
65
13
125
104
20
63
2
30
2
156
144
3
7
57
70
27
110
30
29
101
19
43
62
56
52
79
100
84
4
146
48
62
44
21
80
49
7
79
21
66
10
79
61
87
48
46
35
84
27
36
45
39
68
17
21
24
29
64
38
102
70
28
76
21
60
49
35
6
106
25
49
33
65
23
30
63
64
24
34
74
20
64
45
17
41
43
50
19
20
61
25
34
50
16
11
63
67
41
64
107
21
33
74
44
22
79
30
71
54
4
11
110
6
26
67
166
14
57
19
70
66
66
45
108
60
58
29
9
12
313
52
52
38
54
198
12
27
16
93
34
48
57
44
76
30
59
32
20
36
20
53
4
7
7
50
63
14
28
99
83
8
84
44
17
5
195
16
50
60
115
8
56
29
33
9
65
19
47
28
146
64
80
52
19
101
94
93
3
23
25
8
27
64
38
23
3
66
54
67
58
76
74
9728
8
84
2
82
6
34
40
20
67
5
5
20
11
59
46
78
98
87
24
23
13
16
53
47
70
71
71
49
147
87
17
4
49
44
52
44
2
88
89
45
33
19
41
36
50
50
12
112
4
15
20
83
10
33
26
60
211
36
65
75
54
58
3
7
52
35
23
18
12
13
12
63
16
84
69
63
61
108
69
133
100
33
34
153
55
36
3
9
58
27
67
16
53
8
89
69
13
18
94
36
15
53
16
8
33
36
12
22
86
32
16
9
43
42
2
79
110
92
100
20
101
272
192
24
65
55
93
72
49
46
24
89
117
10
30
43
156
200
89
20
18
82
4
108
39
69
14
2
13
110
34
30
12
20
46
15
2
176
48
33
71
73
24
6
39
4
11
34
166
163
55
5
112
35
37
30
109
28
21
82
34
100
130
52
122
204
27
323
12
28
75
64
73
9
92
18
49
9
20
19
85
34
121
43
50
15
165
26
85
7
64
62
76
20
12
51
56
53
56
29
247
74
56
5
18
9
25
50
63
103
48
190
16
229
12
14
25
85
42
26
60
78
34
34
33
76
28
64
21
82
130
44
131
35
40
39
8
1
32
10
118
57
54
42
10
38
212
17
33
52
75
48
12
28
52
484
26
75
47
24
98
71
41
241
62
24
58
21
21
2
67
8
21
109
2
39
69
16
40
375
24
29
6
23
54
5
41
5
41
175
5
298
120
19
98
10
298
49
570
11
243
38
25
33
64
26
51
28
70
31
82
74
4
39
47
34
62
338
129
49
31
95
18
21
23
74
980
46
38
71
58
60
18
4
42
63
58
30
9
9
87
51
59
32
108
70
15
41
16
69
21
2
13
2
38
67
41
52
2
65
17
53
59
16
181
28
30
65
38
110
5
68
5
45
50
59
101
25
20
140
206
157
82
15
55
9
38
7
80
53
7
13
80
88
19
282
92
54
74
143
10
22
258
62
11
29
117
88
27
65
80
31
62
79
34
69
45
16
244
11
18
6
13
25
55
46
9
30
33
23
15
20
147
12
100
2
54
11
28
68
2
73
50
64
2
8
72
33
35
36
109
2
70
63
67
70
114
42
42
3
35
28
24
9
2
13
7
19
11
19
76
1180
6
2
48
49
8
79
68
41
16
96
57
6
66
10
155
14
203
43
33
41
2
182
48
56
15
114
79
27
40
3
6
55
23
14
22
6
3
37
19
42
41
33
38
42
6
241
52
122
14
8
266
84
70
35
66
16
184
7
32
39
26
110
13
60
61
20
28
44
27
237
11
65
19
100
156
55
58
65
19
35
59
6
37
21
1
53
6
57
33
18
38
14
55
42
106
39
9
32
81
87
116
321
6
5
62
21
53
39
43
79
52
7
63
33
25
9
11
35
64
84
28
17
37
18
165
27
79
198
3
85
56
13
26
89
63
37
2
1
39
5
50
157
11
35
22
56
52
18
88
19
144
74
78
29
271
69
58
5
50
29
33
15
9
65
9
111
47
15
62
58
107
91
580
166
50
63
189
40
28
21
21
132
44
36
11
9
15
80
3
73
57
21
3
7
74
37
7
47
7
2
36
57
4
6
46
47
90
22
14
18
208
2
12
21
33
8
151
20
23
95
12
82
13
35
12
111
57
109
17
9
41
14
5
53
58
16
137
141
50
199
53
27
308
20
55
46
75
40
60
6
70
14
55
184
2
195
60
67
8
87
123
41
57
8
47
38
16
14
13
382
17
81
7
29
47
44
42
34
38
92
40
14
34
21
56
10
82
54
10
17
67
51
47
29
6
40
100
4
92
58
42
6
19
35
80
54
28
49
27
15
74
103
18
10
46
5
60
12
9
85
75
138
42
107
250
66
59
67
4
57
60
160
113
30
17
18
77
93
5
8
55
93
4
67
56
48
49
68
44
36
9
57
57
112
76
85
51
55
49
9
79
36
56
2
70
32
25
63
177
88
50
92
43
191
22
56
19
74
45
19
23
23
22
62
49
14
62
13
14
15
91
32
78
82
2
7
31
48
93
218
22
65
34
6
7
49
23
43
19
17
32
263
52
14
23
24
78
17
76
34
17
67
96
18
24
86
47
70
90
64
45
12
22
32
69
32
18
46
15
39
25
138
11
70
79
162
6
191
35
77
2
40
52
16
18
293
5
29
26
28
46
29
3576
115
8
22
5
72
38
33
106
36
88
28
4
65
56
53
41
271
108
10
12
5
4
63
85
46
29
151
11
8
39
5
4
62
35
19
71
20
59
18
70
8
226
35
48
52
6
59
31
58
45
42
14
43
46
67
40
18
28
14
5
143
30
87
25
90
17
20
35
3
141
2
53
40
29
67
6
82
95
43
56
15
25
94
93
108
43
140
25
56
35
75
13
76
14
188
23
64
17
183
109
62
26
19
74
25
23
110
39
69
1
114
5
20
35
30
20
27
63
18
5
1
76
74
8
114
69
61
75
187
50
104
10
55
46
5
29
51
300
58
67
16
29
45
17
223
11
11
8
33
12
4
4
87
53
58
90
75
2
53
62
139
10
148
27
18
695
5
69
11
54
12
35
49
20
33
13
36
60
251
403
69
17
33
14
14
25
86
22
64
7
9
26
140
53
10
26
6
30
107
8
99
13
36
24
10
26
71
27
113
12
213
55
18
62
255
44
54
19
19
91
280
40
23
59
21
73
44
24
41
85
82
50
174
856
70
46
60
41
21
90
96
66
47
54
93
43
9
12
42
52
251
2
139
59
24
2
25
8
31
10
60
154
17
21
27
28
47
63
41
63
68
111
61
23
31
55
9
30
41
76
37
172
139
39
47
73
28
62
52
4
26
38
72
46
124
59
65
14
176
29
19
65
16
64
4
46
188
72
2690
17
105
24
148
64
38
30
62
21
110
40
76
108
18
39
1741
77
46
18
56
44
13
21
2
40
75
11
8
19
67
36
72
54
34
24
44
20
90
15
4
70
22
86
143
117
46
37
43
37
68
83
54
37
23
6
7
1
21
62
77
88
53
50
9
68
54
94
23
1
100
116
34
23
88
65
47
76
58
51
31
10
10
9
56
80
3
59
7
32
98
13
67
179
1
23
17
7
52
90
57
15
66
26
44
72
49
435
75
52
138
65
18
5
53
108
3
24
115
31
813
62
53
155
16
1119
13
20
149
651
8
7
66
95
8
11
51
5
72
32
30
60
117
120
53
44
23
311
21
32
30
80
72
1
99
131
16
37
15
69
15
22
93
19
17
19
62
47
103
6
190
9
16
63
7
31
39
20
95
77
20
2
2
10
10
52
2
27
90
3
7
37
27
72
16
80
26
103
20
80
21
88
37
89
371
57
70
147
35
6
61
63
11
35
63
59
35
86
0
37
33
52
77
50
94
9
16
43
14
18
51
97
69
3
69
21
8
28
19
4
140
5
10
15
24
25
19
37
95
123
257
16
20
27
82
67
234
35
18
11
78
98
61
65
18
16
75
49
24
19
86
88
160
10
45
52
19
25
16
65
65
14
52
5
38
25
60
12
66
9
80
80
9
73
54
76
2
15
25
5
92
14
28
148
153
7
289
60
10
44
8
57
52
90
47
9
99
27
335
24
44
56
35
28
74
60
6
228
16
37
8
55
3
60
34
26
27
22
78
42
24
62
5
260
101
53
107
9
41
19
54
47
28
64
99
76
111
77
89
74
142
11
60
1307
71
42
21
4
60
226
67
53
17
20
21
20
39
68
44
15
68
95
12
9
66
9
41
176
26
70
96
9
222
59
16
26
50
16
21
6
44
26
64
182
13
34
99
17
28
113
69
34
54
48
54
54
133
16
709
26
5
48
22
77
42
22
355
38
4
24
39
60
82
10
20
94
39
23
93
6
52
360
25
10
73
58
27
68
17
72
23
63
24
83
210
17
45
146
74
115
31
20
36
9
34
63
14
58
51
29
85
105
7
197
12
45
20
53
2
406
18
62
5
21
10
60
22
17
96
575
15
13
175
15
11
16
43
109
20
38
13
52
22
19
60
36
14
65
6
4
16
65
11
2
36
2908
18
35
66
62
84
14
52
20
59
65
17
85
34
74
4
73
24
20
26
32
40
36
27
219
18
13
28
24
90
24
71
153
13
34
39
59
12
78
426
125
11
12
8
23
25
25
21
53
71
42
33
19
13
2
79
11
10
73
31
66
50
28
67
33
28
59
82
40
48
207
94
47
63
19
74
84
16
602
41
43
108
83
2
21
27
24
21
51
52
148
68
70
86
20
53
16
62
55
5
71
123
219
12
16
86
55
18
43
32
17
62
31
54
112
81
43
21
9
17
5
102
14
47
65
29
30
4
13
10
28
42
3
55
24
16
82
230
9
2
77
73
40
64
10
54
40
24
11
68
189
6
55
4
19
692
15
106
73
2
13
59
12
11
129
58
35
174
88
4
183
59
76
36
47
104
26
12
118
72
13
3111
4
106
27
80
58
17
292
2
308
35
19
32
6
79
64
17
37
15
16
57
24
4
28
65
10
165
46
63
110
69
56
15
24
35
56
76
20
31
47
9
22
77
101
50
17
66
75
29
10
2
60
8
5
141
4
67
14
18
76
32
24
10
25
5
40
136
6
20
71
34
12
122
4
65
19
115
88
9
87
23
289
62
46
11
22
18
20
34
247
34
11
54
4
24
10
26
17
62
33
85
3
31
102
32
110
28
21
28
74
37
18
315
35
166
33
5
50
46
53
20
74
40
253
43
15
10
55
47
40
28
8
61
48
27
46
42
22
85
2
17
91
68
5
19
1171
87
45
9
16
143
148
71
24
40
80
64
20
2
7
2
32
20
75
55
29
23
18
48
63
30
48
36
125
157
30
1
68
44
167
52
24
29
240
33
37
34
30
245
96
33
19
60
46
40
37
24
23
57
47
71
698
15
13
82
77
95
7
39
13
10
18
6
46
148
7
39
60
132
55
57
130
2
508
8
1
83
15
138
25
41
60
67
17
63
88
25
59
70
75
12
14
7
56
61
18
52
10
55
24
30
6
78
53
2
90
32
56
34
78
363
62
56
64
68
9
61
97
31
43
5
78
10
178
23
3
21
105
77
76
24
71
72
187
20
17
38
92
14
53
59
55
20
15
6
6
26
45
29
18
32
64
23
90
70
21
77
21
12
89
17
137
62
302
5
142
58
17
53
58
43
134
13
55
28
52
48
70
57
59
70
16
72
47
804
33
11
7
65
4
87
11
60
11
171
10
195
18
2
54
103
119
14
19
164
44
11
114
26
32
7
22
45
94
58
216
10
59
30
18
50
49
58
132
3
22
100
50
58
22
6
51
22
13
166
9
37
36
2
56
142
54
23
68
30
5
88
179
34
42
59
27
73
56
40
53
123
230
53
19
7
69
64
1405
54
32
18
26
25
18
53
105
1
40
31
34
67
20
68
63
103
60
69
25
24
157
50
41
10
78
33
48
23
108
59
247
67
60
21
26
29
36
42
69
29
140
39
34
15
81
60
30
78
126
70
191
12
45
36
157
11
78
93
26
17
2
39
42
226
69
18
70
11
35
2
15
36
45
10
18
7
72
14
113
46
33
19
4
24
48
56
58
185
87
27
174
11
43
107
61
70
47
2
19
41
10
24
14
4
75
34
40
17
9
22
126
57
50
46
84
42
83
22
14
19
41
18
80
51
28
24
25
42
26
60
29
37
22
19
30
57
67
68
79
77
39
91
10
48
106
26
18
23
11
15
32
60
99
68
27
47
58
22
14
149
63
100
86
177
100
36
36
215
2
59
14
50
71
20
13
27
23
27
170
45
59
107
15
6
62
26
21
37
11
51
23
67
11
20
60
57
17
52
80
32
2
95
7
41
29
19
75
15
152
63
62
14
89
18
22
41
37
97
39
117
34
63
45
13
5
4
10
66
149
26
38
143
10
77
57
8
29
29
51
29
4
71
24
64
132
16
165
72
51
30
2
139
101
14
76
44
61
31
27
129
112
38
34
57
26
42
5
183
46
20
7
18
20
20
67
53
16
99
111
55
8
58
4
20
12
12
28
85
59
206
17
18
70
21
20
45
198
20
7226
26
29
72
28
49
65
76
9
54
57
13
58
5
36
36
42
31
9
91
7
82
75
35
62
26
46
15
69
61
277
26
4
65
23
43
5
63
56
37
80
26
16
17
143
36
51
51
108
3
29
29
36
79
53
73
57
23
36
59
5
26
12
41
32
90
64
318
49
52
5
181
15
76
54
3
237
16
38
20
11
39
95
40
49
113
63
3
138
86
14
25
18
33
19
20
78
5
59
24
11
9
19
46
40
34
16
39
249
24
23
6
38
119
115
12
35
76
515
64
27
34
30
51
275
134
36
17
49
20
3
25
21
1377
75
17
60
22
11
57
85
20
101
123
11
9
19
8
27
1
20
57
31
238
26
13
15
51
43
17
113
195
9
21
27
35
142
124
18
97
34
22
233
97
60
15
56
50
40
31
113
52
17
77
22
55
76
39
87
78
7
70
13
201
24
11
21
7
66
150
13
83
31
21
23
24
16
20
79
26
14
85
48
92
10
17
93
77
248
47
51
65
75
17
21
37
55
29
63
25
90
28
4
18
35
5
40
61
66
78
639
63
179
10
35
19
15
64
16
131
38
38
83
88
27
37
32
21
53
8
7
5
54
122
38
24
56
42
39
18
91
51
85
64
26
28
89
34
329
100
75
8
66
30
21
128
22
18
78
95
56
14
40
81
21
18
18
43
44
38
94
17
17
88
88
40
9
52
36
4
33
25
31
30
70
38
6
3
111
10
49
28
96
29
74
76
39
35
77
21
20
71
61
85
85
38
10
155
15
26
104
48
44
29
55
27
98
48
8
41
1034
231
131
22
62
59
83
28
20
39
166
14
7
11
50
31
36
61
19
18
67
15
74
15
522
75
534
15
42
582
19
23
51
138
72
349
56
73
97
51
3
119
54
14
8
26
69
68
17
22
22
43
27
32
95
66
160
99
127
13
128
178
26
34
19
2
8
26
78
59
7
29
29
56
207
19
69
61
20
23
13
21
48
83
32
68
118
82
5
11
54
60
35
31
33
32
6
503
102
60
57
13
127
50
27
87
7
41
98
7
6
12
25
172
159
3
23
58
80
17
8
19
100
50
76
34
29
27
68
117
4
24
45
4
10
126
100
8
31
25
47
13
32
14
24
36
48
63
33
50
13
20
39
44
53
139
53
71
7
19
34
23
15
52
871
36
11
56
48
55
1
7
108
40
13
145
105
36
10
70
25
64
27
7
19
15
113
108
33
5
56
10
23
16
14
30
15
12
22
50
3
88
76
29
15
194
85
7
2
8
37
14
94
27
54
51
429
31
37
25
80
18
1
67
42
36
46
33
19
27
33
26
28
17
58
37
17
38
5
56
18
112
78
86
20
42
45
63
29
8
23
52
3
53
53
44
62
157
41
115
60
293
52
69
17
25
53
2
1
19
27
46
20
81
44
186
35
62
120
10
7
76
118
41
94
16
22
24
11
21
49
13
68
9
36
6
51
82
16
30
4
27
57
41
22
72
89
11
5
22
35
54
135
341
26
68
63
786
24
2
8
154
25
78
28
43
48
24
47
54
30
29
7
111
85
10
2
26
36
52
97
77
55
41
52
15
12
40
73
36
19
38
107
12
57
62
127
47
36
25
84
143
4
80
101
94
7
40
60
118
24
26
21
78
26
127
43
42
20
57
81
1
32
61
35
48
100
317
26
30
6
21
74
16
72
13
31
14
48
70
15
64
29
145
110
14
43
24
25
70
51
34
559
687
90
5
6
143
54
54
21
91
68
21
16
61
21
39
5
6
55
2
13
25
29
27
56
91
2
32
31
40
72
51
12
125
28
36
37
17
38
25
21
72
21
70
60
56
15
133
28
6
47
55
59
21
55
20
30
68
18
92
56
21
13
63
71
68
16
23
45
18
27
27
154
28
4
13
77
21
19
29
26
7
85
8
89
49
37
79
24
19
14
54
22
15
36
55
55
8
18
31
64
125
61
59
39
38
30
42
16
73
64
9
40
14
134
310
95
48
140
40
16
95
9
73
22
62
49
5
21
644
88
125
68
81
20
40
22
53
68
60
44
3
16
13
80
31
23
54
73
137
2
47
8
32
71
67
60
17
26
94
34
78
45
44
73
3
27
19
31
17
8
15
10
92
32
184
46
191
213
57
38
44
13
114
8
21
24
9
39
18
20
45
31
37
8
75
84
7
16
33
53
41
23
47
51
48
62
216
98
44
181
53
4
80
62
1
4
78
88
57
56
34
43
50
77
73
47
100
15
49
29
64
21
65
3
31
73
91
56
49
13
49
24
1
62
76
52
70
58
76
41
63
29
33
58
24
29
17
53
63
73
29
16
76
50
21
49
20
85
73
10
132
24
111
137
128
71
14
30
6
78
19
61
37
86
29
28
10
42
8
76
125
51
17
7
368
42
142
131
97
21
16
7
49
6
57
45
103
38
24
5
24
84
33
39
36
84
21
561
49
4
33
141
43
21
46
15
27
69
113
22
25
16
42
63
42
84
165
29
86
26
209
104
6
66
82
53
27
179
66
3
73
19
61
16
47
19
189
11
39
10
2
53
12
49
86
145
55
60
16
7
59
32
110
25
23
103
14
99
4
46
2
24
38
47
95
61
35
26
85
54
126
59
71
50
40
31
13
25
48
22
18
10
8
31
1
77
90
27
11
4
3
14
77
42
6
22
36
28
14
126
20
29
49
5
23
2
96
3
19
68
19
101
28
73
45
206
70
29
50
77
82
100
3
82
92
19
43
68
11
25
27
17
55
68
8
28
4
60
66
81
70
23
3
15
59
17
181
34
195
37
56
121
73
17
25
26
725
4
128
30
51
10
111
33
48
69
61
23
20
85
4
25
317
36
28
18
34
5
24
84
18
33
32
32
42
54
10
45
16
71
62
21
42
40
21
37
24
27
33
39
77
36
3
29
51
30
35
25
8
27
66
23
74
74
51
2
60
80
23
51
25
99
14
12
28
61
214
18
107
27
16
65
72
171
51
20
6
123
27
65
22
47
24
36
73
66
49
21
41
50
48
83
73
25
33
55
75
74
27
46
15
35
15
27
22
44
148
71
21
23
30
34
35
24
7
58
46
23
91
54
12
24
40
58
11
36
82
15
111
23
87
22
2
109
88
14
7
11
63
7
47
151
47
39
0
20
84
86
55
20
47
97
66
55
42
102
29
12
231
36
130
18
25
35
79
194
45
46
24
12
67
13
155
132
25
26
73
48
73
51
9
99
22
18
61
107
77
18
34
83
95
88
14
9
44
60
17
71
85
53
22
30
62
15
48
22
30
50
39
84
100
130
17
27
83
35
54
105
491
81
27
65
51
79
120
76
42
45
11
56
37
27
89
63
28
27
31
23
159
21
13
15
97
15
75
98
4
9
23
22
65
48
96
23
44
4
12
68
144
3
25
19
95
37
80
106
34
20
74
33
60
47
13
122
52
15
74
20
8
53
76
10
85
87
35
14
28
85
23
44
103
22
10
29
76
36
63
97
39
82
114
97
89
48
42
18
29
890
180
33
58
24
140
2
9
22
54
71
40
16
2
20
62
21
188
28
117
28
4
35
67
36
7
126
75
86
51
106
74
24
21
5
51
2
8
43
536
96
81
81
37
16
38
33
20
10
8
68
59
11
21
65
4
110
48
35
32
23
88
41
10
69
27
3
15
82
16
76
17
106
15
10
57
42
120
37
8
122
36
43
57
16
92
55
31
31
31
18
35
68
81
79
158
13
19
123
47
25
26
24
48
49
41
68
111
73
72
27
117
23
26
1
20
11
86
28
44
11
82
19
76
61
51
128
2
65
58
339
46
20
72
8
15
54
71
42
65
13
56
59
43
19
39
18
98
370
9
103
22
65
24
13
125
8
63
21
6
30
168
63
22
60
46
27
63
294
56
8
44
21
68
39
80
26
20
18
104
49
19
54
66
26
39
22
191
34
17
115
66
36
115
69
5
75
21
9
59
53
8
53
45
56
107
44
40
59
13
36
53
15
116
25
21
20
69
26
86
18
74
44
2
36
20
9
56
7
20
29
125
46
8
76
54
19
45
3
56
15
71
21
131
27
23
52
39
16
13
4
104
86
25
71
14
10
29
56
5
30
48
33
86
21
252
141
82
93
89
52
97
26
60
54
68
120
11
92
19
24
59
27
67
22
55
14
41
86
48
18
47
14
45
69
40
26
119
16
6
86
12
12
6
60
25
2
19
62
8
33
19
28
43
54
74
56
36
24
172
41
23
12
60
24
66
28
230
6
24
49
80
20
121
16
20
55
63
26
23
33
58
44
39
19
25
38
48
17
8
12
2
34
137
37
21
79
49
62
19
39
82
34
24
56
31
50
23
131
39
37
59
30
18
56
44
34
10
106
25
46
69
50
61
35
58
11
65
57
12
2
77
68
15
70
20
40
43
34
92
44
116
68
153
4
12
199
104
151
47
63
53
138
20
15
57
764
29
1024
85
17
23
157
16
49
7
97
19
28
161
52
70
36
36
11
19
20
54
28
27
1
56
48
69
43
3
51
216
74
17
2
99
5
29
5
13
103
34
111
27
29
31
14
30
2
21
29
37
26
59
11
41
10
29
44
50
30
33
82
5
31
116
4
15
42
64
82
17
165
56
10
25
18
79
79
328
7
53
92
72
64
50
21
1
101
8
23
108
3
53
28
32
30
68
62
47
39
16
76
6
27
77
75
56
51
7
33
47
26
56
308
47
65
42
538
11
68
27
58
65
15
18
51
67
25
41
37
189
59
31
52
108
168
14
27
105
64
36
8
6
18
20
65
27
100
59
70
181
23
40
55
15
7
3
83
4
45
42
6
66
49
20
58
4
31
42
7
4
69
45
7
76
57
8
38
37
66
11
156
63
5
51
24
3
19
129
26
70
8
59
5
59
7
34
18
50
12
41
10
45
61
24
76
10
54
77
50
113
14
74
56
10
4
48
49
67
9
8
39
9
148
5
27
32
95
198
25
23
91
20
13
66
15
59
357
149
22
34
0
48
202
20
29
5
62
252
13
2
55
14
101
45
5
41
47
77
74
54
6
220
123
33
9
20
80
7
42
52
14
23
715
3
21
26
33
74
100
40
14
3
163
41
16
15
13
83
15
36
131
80
32
51
133
96
48
17
19
21
63
10
19
21
24
12
11
102
29
5
75
22
206
52
117
16
52
30
38
27
41
24
88
53
106
16
43
82
75
6
64
15
99
23
41
10
9
13
66
177
18
47
2
60
7
23
16
22
298
19
70
111
30
68
69
79
19
8
14
107
5
30
28
2
81
10
19
26
36
32
8
43
20
13
39
176
10
39
73
4
61
65
27
45
100
54
123
31
49
52
38
41
66
19
84
11
81
103
90
62
193
43
42
36
86
3
15
64
8
48
2
13
24
21
91
202
12
49
49
59
3
188
44
66
59
23
84
46
7
89
20
190
109
52
32
41
23
52
35
380
54
109
22
5
120
21
13
24
7
46
20
52
205
87
4
63
51
40
14
73
37
13
19
78
30
73
156
25
38
33
105
24
112
112
59
11
47
217
6
62
31
25
78
93
87
102
41
57
52
12
24
21
53
25
4
15
48
47
17
18
8
40
33
76
122
1
58
73
317
11
19
75
31
103
57
102
17
33
8
47
6
8
204
259
3
8
101
82
22
118
72
10
18
43
192
6
72
9
50
59
13
37
45
41
2
30
72
5
25
23
456
39
89
9
44
27
33
40
61
58
82
44
33
9
136
46
19
53
45
69
34
36
81
483
56
19
2
91
84
38
49
79
25
77
84
1
9
32
69
24
7
26
68
38
59
1
149
49
29
58
73
25
13
22
2
19
13
21
5
9
58
61
26
27
24
37
76
1217
110
12
90
136
64
7
2
328
22
25
202
56
35
88
24
347
22
94
4
127
93
47
17
13
57
17
50
132
28
19
35
43
36
137
7
89
19
6
59
50
386
6
19
214
63
14
4
59
28
53
192
23
90
95
43
85
76
74
47
12
22
16
38
21
279
9
42
15
17
90
78
26
83
80
47
61
26
57
94
34
31
17
3
195
62
20
7
92
26
2
10
64
14
3
33
3
5
789
17
22
54
59
10
54
3
20
19
27
74
71
7
25
99
11
21
26
191
24
809
34
126
24
20
71
141
3
33
22
15
4
81
34
53
87
348
67
16
15
41
76
18
59
77
654
23
56
14
18
62
46
5
33
49
23
13
2
29
83
23
69
55
43
109
45
28
13
109
32
45
13
78
136
10
61
21
29
10
220
9
8
78
9
34
70
147
22
39
5
46
6
30
94
22
336
15
26
75
2
41
27
79
30
43
86
39
25
57
23
16
9
3
11
27
20
4
22
72
33
5
1
90
44
139
29
21
49
33
80
23
132
25
77
4
62
15
102
68
52
10
21
66
26
36
46
78
61
93
30
18
182
83
19
39
58
86
283
66
10
27
5
32
39
32
42
20
93
26
59
48
43
37
79
3
79
47
52
53
24
33
15
24
3
1
18
66
2
105
8
7
37
24
82
43
61
4
92
18
28
9
31
45
31
36
5
97
65
72
14
30
66
17
38
47
25
97
32
20
87
22
39
50
11
55
2
8
6
82
54
14
33
36
22
854
65
71
26
272
16
14
118
11
64
25
26
11
97
104
24
33
40
46
11
7
62
24
76
55
368
66
42
48
17
122
25
25
15
162
2
7
514
4
63
26
2
21
78
42
47
33
58
68
60
35
35
16
72
144
13
231
69
28
45
17
140
20
114
655
132
30
44
17
72
30
121
68
22
22
37
3
34
2
7
162
106
21
14
20
179
65
6
21
18
14
57
9
36
89
15
20
25
109
47
26
27
34
15
181
71
33
64
30
76
59
54
70
7
31
12
6
40
95
47
62
110
7
54
140
76
52
19
19
8
2
32
104
15
15
20
170
112
53
155
136
51
14
104
96
6
15
17
18
63
40
37
106
16
21
64
14
23
61
26
80
127
25
294
95
11
77
6
116
32
44
70
73
18
390
69
60
14
32
1
64
23
3
66
18
32
33
16
69
2
31
40
2
80
45
26
22
10
8
39
52
2
49
20
81
18
29
65
108
55
29
17
66
55
83
54
37
362
4
53
24
41
301
49
193
105
32
76
43
135
68
7
28
29
17
33
31
125
47
49
17
53
94
18
63
53
76
72
9
58
154
21
9
80
74
53
105
20
68
41
19
62
81
65
41
5
26
23
2
23
9
53
14
24
142
50
33
26
56
17
119
29
53
46
90
84
18
60
62
52
63
49
41
47
95
16
4
17
24
63
95
52
18
25
8
50
60
45
53
38
39
61
18
9
39
133
27
25
35
34
22
21
64
30
72
5
103
18
108
59
23
99
116
9
35
20
182
37
35
28
19
7
68
46
23
20
48
75
37
28
41
19
23
56
33
73
35
24
50
118
15
54
29
2
58
64
20
127
67
158
42
56
30
20
64
56
101
20
51
10
112
241
7
1
26
33
30
15
58
26
46
277
23
16
83
41
5
7
63
12
5
10
16
23
74
6
29
111
33
70
45
83
61
154
2
432
29
7
61
232
104
48
20
56
16
15
154
164
144
51
77
90
63
57
25
21
29
18
48
46
69
5
26
42
91
71
74
10
72
115
50
90
54
38
135
70
18
78
14
7
27
63
32
22
50
30
20
0
33
2
191
54
39
161
220
58
28
21
42
103
22
22
3
14
9
49
19
16
128
109
2
30
70
51
30
916
64
3
39
56
41
5
108
52
91
4
26
23
44
150
54
30
15
10
19
53
54
48
36
22
16
122
101
4
13
39
14
44
89
18
5
1
28
59
36
6
23
83
5
36
38
75
18
20
41
110
314
115
1
98
83
98
35
101
59
25
18
87
13
22
75
79
61
31
21
27
24
66
54
75
72
22
17
12
2
6
53
79
24
15
39
12
81
55
2
2
127
107
110
9
19
44
42
113
18
29
47
278
112
72
1
23
23
37
72
29
46
8
45
94
10
69
5
25
12
33
51
23
22
39
65
38
53
7
21
27
32
86
35
30
68
28
27
107
32
17
30
69
17
154
64
31
2
68
19
31
31
52
26
21
5
42
47
103
12
24
33
69
16
37
12
28
5
35
34
58
18
56
16
116
48
24
40
58
77
77
49
31
40
67
94
154
117
68
4
26
14
70
90
51
13
14
12
2
11
65
224
21
80
84
64
9
18
23
45
36
16
162
13
41
54
67
37
26
53
38
7
7
58
24
90
62
12
67
89
32
22
12
80
166
74
6
19
15
54
32
32
52
22
39
17
79
19
17
8
23
105
34
8
53
29
14
34
8
87
37
23
55
3
64
136
46
30
13
34
11
22
35
41
21
68
40
116
16
21
11
13
22
5
4
9
24
71
52
40
45
70
103
41
95
5
48
32
54
38
95
11
77
16
13
12
79
16
44
63
56
14
44
6
3
70
53
22
13
49
153
27
54
7
60
23
34
160
69
49
65
24
59
54
19
157
29
10
10
46
63
93
13
83
15
6
88
103
46
30
95
44
15
79
42
121
67
22
55
182
27
11
3
16
37
109
6
79
160
12
44
80
60
59
37
19
8
123
40
50
57
84
161
25
11
12
72
45
57
22
32
80
31
254
42
29
20
112
101
132
11
85
37
127
59
54
56
2
49
132
54
59
54
160
15
62
25
12
38
44
33
83
72
24
14
16
7
20
37
11
10
6
61
11
184
852
23
36
106
21
107
67
104
22
134
61
22
32
117
10
49
17
55
8
37
37
17
4
81
6
57
208
215
26
65
50
149
21
82
9
67
52
33
20
12
29
44
21
33
134
66
46
9
115
77
98
10
10
11
33
112
58
239
19
90
589
12
14
36
62
63
37
10
599
21
164
36
41
8
44
6
18
19
18
2
2
103
49
2
67
22
138
65
21
218
49
80
51
132
58
14
3928
27
80
23
40
89
91
668
504
25
78
32
33
48
52
18
30
52
78
26
153
90
721
107
46
50
105
70
146
88
37
55
49
21
16
53
24
124
19
61
64
16
95
17
32
6
39
47
9
4
52
58
3
53
223
16
66
23
49
51
63
111
48
75
15
237
21
120
20
28
45
12
12
45
70
34
12
18
120
8
20
23
54
230
9
45
82
45
80
38
17
11
15
62
11
25
68
7
36
45
53
81
18
2
138
39
1265
8
32
47
47
36
15
79
57
24
39
11
18
54
16
99
50
60
64
146
691
100
11
67
144
47
42
29
94
81
39
23
89
117
51
37
18
76
8
74
40
38
40
189
101
53
86
18
65
27
19
90
156
25
16
47
73
3
74
23
39
39
28
54
156
65
63
85
144
80
90
106
27
79
11
82
21
121
32
80
80
66
53
22
49
84
160
29
49
19
52
62
23
29
443
4
28
34
5
27
22
16
33
36
59
48
2
10
55
63
25
30
15
31
160
215
84
65
22
26
66
52
73
59
135
4
157
42
20
61
80
23
26
21
70
39
244
10
26
59
17
1
69
10
99
16
67
51
35
71
33
23
91
9
3
17
56
23
112
2
45
7
12
38
379
87
136
54
73
24
184
42
44
19
26
25
27
22
91
48
2
88
127
32
398
85
22
4
14
142
61
84
20
30
84
89
8
151
151
57
28
104
164
64
62
13
2
86
90
34
77
20
5
75
91
55
77
126
4
28
57
64
37
14
5
132
11
5
189
146
23
64
41
41
21
12
104
20
21
59
94
5
28
92
21
18
52
7
147
93
36
55
33
51
20
8
68
26
64
26
23
22
19
250
34
41
285
7
30
24
11
36
57
56
6
76
2
21
21
58
2
9
51
58
32
3
7
48
36
187
7
30
99
104
78
24
30
82
52
3
22
62
91
304
8
59
110
105
27
91
35
22
6
65
103
36
117
137
2
104
11
70
70
28
206
40
66
49
122
37
24
24
21
17
31
17
28
18
12
23
58
75
34
7
35
22
27
41
87
68
108
28
37
73
21
52
20
66
23
77
59
60
47
9
16
49
99
32
24
18
16
22
65
9
17
37
109
15
79
7
63
86
89
10
210
14
4
1
5
71
50
105
36
47
80
1
4
21
27
462
82
40
5
114
31
28
90
40
25
69
12
16
60
30
67
63
252
34
99
86
93
21
29
52
142
52
6
21
66
9
16
66
49
22
500
35
28
69
41
17
125
17
128
67
45
26
3
41
15
35
26
5
26
45
63
67
99
160
120
2
12
68
179
210
14
523
72
21
122
36
37
16
80
57
63
196
81
59
128
89
366
27
127
41
8
16
35
23
34
61
12
12
14
20
63
20
133
22
34
22
21
23
925
23
23
21
24
75
12
43
14
31
38
32
43
48
74
190
5
9
51
46
48
15
45
21
108
73
15
54
23
120
49
5
85
17
20
80
76
2
16
75
77
18
24
36
79
5
20
3
10
27
38
80
67
67
29
82
4
75
292
592
68
28
5
27
4
21
44
49
21
64
7
21
22
10
29
53
15
7
60
38
219
200
18
17
65
11
38
3
21
78
45
19
208
15
56
61
22
58
16
69
51
6
7
772
12
10
29
21
59
12
61
13
22
47
46
49
62
79
15
48
49
70
99
21
30
78
9
6
33
15
13
54
27
51
10
37
58
16
134
45
130
4
33
34
32
34
40
233
53
120
33
24
3
21
23
43
32
40
61
24
44
46
70
44
43
516
8
61
125
289
50
59
37
62
54
84
29
192
59
40
7
319
54
22
2
345
15
15
8
128
46
182
12
27
8
84
68
56
68
17
25
60
19
36
18
86
108
15
35
47
67
92
7
12
34
176
103
64
164
58
4
34
82
25
23
54
112
48
32
5
16
58
7
28
20
19
19
50
23
10
19
28
12
80
9
41
186
43
18
2
47
3003
15
11
92
121
11
20
49
84
21
162
13
86
72
89
452
2
25
3
32
10
18
54
81
100
119
157
73
228
153
50
117
11
7
14
26
38
56
6
18
37
28
18
15
20
53
89
57
73
43
25
20
67
183
10
62
47
69
84
78
62
58
20
40
68
31
7
55
33
78
60
37
6
65
47
30
14
36
4
48
112
564
106
12
60
18
6
24
7
31
124
110
101
73
20
22
13
61
23
37
64
79
19
68
33
25
20
6
125
9
17
49
60
19
5
26
467
38
69
42
28
69
24
5
72
13
58
34
22
16
2
7
37
8
73
3
40
24
52
32
21
27
73
55
67
50
36
90
63
12
24
27
44
45
23
62
18
44
53
23
115
9
36
75
9
39
114
3
22
42
75
26
88
43
196
14
10
19
58
44
36
57
38
20
20
141
77
29
47
22
32
68
26
37
59
2
132
75
87
9
46
84
92
25
2
57
33
34
102
58
5
47
9
151
50
67
9
5
7
22
6
13
69
19
67
81
59
73
10
74
65
160
52
61
5
5
215
67
44
20
22
19
43
20
51
76
44
46
37
79
31
15
36
53
44
16
79
776
94
68
19
147
46
49
37
37
113
41
78
26
109
63
39
6
39
2
94
16
60
83
60
64
22
27
51
14
50
234
61
34
17
91
98
21
64
24
11
14
35
305
18
53
109
21
22
33
25
47
24
62
12
4
40
1
104
85
58
14
28
169
61
129
6
5
43
39
3
77
107
43
20
15
85
23
93
54
79
39
7
341
7
51
60
9
43
30
58
21
16
20
16
7
93
16
8
44
28
35
240
22
33
23
86
15
25
16
111
22
40
37
25
76
91
31
16
64
52
16
10
79
26
98
26
463
13
34
70
98
23
12
21
23
28
50
10
8
52
23
16
44
83
21
31
58
35
84
20
23
24
12
1
481
36
98
98
67
8
238
24
17
25
18
13
66
35
16
35
19
80
12
37
95
66
68
28
49
137
46
67
49
8
83
62
5
5
1124
32
11
76
79
25
1
76
14
7
64
284
9
19
27
42
125
8
48
89
22
159
6
64
12
27
41
13
7
64
63
67
4
49
44
188
44
57
2
17
22
47
49
5
12
16
76
23
34
25
48
56
17
45
23
30
698
21
2
13
53
37
77
162
35
157
34
62
35
16
100
3
44
71
20
14
3
22
36
48
2
284
38
71
44
78
74
255
24
40
63
24
60
38
4
81
9
67
19
89
13
48
71
67
42
23
10
116
13
66
16
19
27
66
132
42
120
63
25
21
84
45
72
68
61
56
76
49
14
4
28
55
99
21
64
22
56
78
27
37
29
20
24
175
95
30
7
34
15
146
14
17
132
55
74
100
25
27
9
1338
29
28
29
20
36
36
9
88
22
28
37
34
6
52
72
96
50
58
84
59
22
23
34
23
2
45
64
64
20
60
12
24
72
11
22
41
68
66
16
35
60
84
8
4
27
99
25
20
39
157
3
31
50
18
42
58
23
44
11
17
20
22
28
16
32
69
19
53
10
38
90
6
85
7
40
56
19
60
53
23
21
51
50
24
29
144
58
124
35
15
39
142
59
42
60
12
165
58
50
72
37
60
82
16
46
20
35
10
21
34
93
73
43
51
17
2
56
120
25
60
48
54
64
137
27
6
69
4
14
59
4
14
16
27
297
31
47
57
16
179
28
44
173
1
62
672
88
5
10
25
2
45
8
15
67
53
59
27
4
52
16
52
42
12
3
61
48
3
75
6
2
7
38
90
28
67
11
78
2
80
37
28
26
70
29
75
30
34
26
32
16
47
17
26
56
89
48
150
47
24
18
19
83
12
70
15
38
32
27
72
40
11
67
95
49
63
31
4
20
31
16
57
9
9
81
13
86
21
56
29
76
68
64
69
99
39
29
66
69
24
208
3
36
52
110
5
91
41
21
2
32
29
48
121
31
27
73
47
32
69
19
39
46
28
15
2
29
58
7
14
42
118
13
17
3
2
10
17
123
239
110
72
7
16
36
77
76
25
42
46
247
67
6
49
64
24
26
16
53
59
31
112
40
22
65
52
8
7
462
46
89
2
87
34
32
5
3
102
112
186
52
9
81
2
67
50
45
64
75
48
18
273
126
21
25
48
91
33
45
11
111
36
47
23
36
76
10
31
260
182
4
74
79
54
38
45
27
10
107
42
47
50
85
151
11
80
57
76
624
58
209
15
79
46
59
58
59
62
41
27
11
32
18
8
8
81
54
10
39
41
30
21
63
174
17
61
36
42
26
2
55
61
4
64
90
38
346
359
9
10
116
3
7
6
49
88
43
40
28
39
23
67
97
7
5
28
36
21
10
26
99
21
103
86
12
790
24
16
16
162
67
75
47
81
1
46
6
75
13
59
193
75
6
2
109
27
364
19
32
2
8
21
69
18
435
63
15
44
70
46
180
13
14
34
33
41
89
6
16
76
65
74
54
46
46
20
59
2
17
75
25
82
30
26
23
19
68
118
12
9
169
156
111
62
23
86
23
42
17
63
38
65
457
76
109
640
75
2
23
59
8
26
22
40
19
5
71
83
7
13
8
41
82
83
13
15
34
33
36
28
104
57
73
153
106
55
19
20
5
22
26
87
34
20
56
179
45
5
43
34
50
136
77
20
43
60
78
19
67
8
36
125
59
103
6
142
7
34
159
11
6
2
2
26
22
32
32
11
142
10
159
17
20
17
12
27
59
25
62
52
28
57
41
185
248
35
66
23
55
28
29
14
48
77
4
25
56
313
40
50
14
35
28
29
10
36
10
1485
20
79
45
26
132
27
2
17
39
48
58
228
26
106
26
171
318
52
12
2
136
224
18
6
21
39
75
45
43
18
65
45
57
22
87
93
18
51
48
68
65
13
96
38
60
33
65
40
6
34
28
67
57
57
41
160
49
19
14
72
27
64
242
89
54
2
17
7
45
17
10
1219
83
15
38
23
58
71
26
57
66
43
7
53
1
1
52
5
8
85
33
139
13
351
70
35
7
16
113
17
40
78
3
151
90
68
106
50
34
68
302
233
97
2
60
175
60
78
25
56
54
11
79
36
59
101
16
17
19
51
689
63
25
69
58
34
24
176
40
5
6
32
18
36
22
25
10
6
74
83
38
14
19
21
84
57
105
192
100
66
62
72
55
266
185
13
104
71
39
54
33
85
57
19
15
53
51
20
26
68
36
93
35
2
32
22
71
67
86
28
20
54
7
22
23
19
56
144
21
8
90
48
84
75
51
42
17
29
21
97
48
229
89
12
13
10
74
12
6
23
4
35
75
116
14
36
71
25
32
60
5
74
25
39
8
32
110
6
75
6
5
39
54
11
22
29
17
277
12
9
123
60
57
58
43
37
45
30
30
108
42
30
90
74
185
115
53
51
24
34
4
65
19
58
211
49
2
66
16
26
23
48
28
44
57
63
37
130
35
78
50
66
3
10
45
76
187
3
21
6
6
4
57
2
71
7
64
39
55
119
22
13
19
61
39
61
22
78
9
62
39
38
3
92
15
25
41
19
34
73
4
25
26
22
15
110
27
11
45
12
28
24
35
61
2
74
10
10
19
33
71
73
57
6
57
85
6
63
49
37
2
60
10
88
60
24
34
17
86
6
98
102
20
205
40
12
66
9
62
116
79
25
16
46
70
26
85
190
25
79
20
7
37
102
24
62
100
133
30
129
23
4
22
26
42
35
54
44
18
119
31
21
9
44
39
47
19
132
22
23
29
64
2
23
101
68
40
14
107
16
36
9
14
17
63
836
6
64
70
17
24
102
31
290
59
61
108
26
426
16
518
53
22
85
72
74
63
29
108
42
178
55
4
106
84
0
92
53
8
29
28
52
50
24
41
55
36
43
49
22
4
170
53
22
29
25
9
2
46
16
71
192
32
35
10
66
17
138
2
84
42
8
21
131
58
19
204
82
14
68
29
2
42
348
118
50
40
46
60
64
73
49
7
2
9
29
19
312
43
6
32
24
192
79
108
35
65
12
70
17
22
40
41
10
104
39
45
31
160
82
1
124
24
25
163
21
96
40
28
224
59
75
33
63
18
42
198
117
64
25
34
56
14
61
150
124
3
49
17
15
31
37
77
5
63
22
190
17
59
216
18
113
122
0
170
172
9
9
41
26
40
20
575
64
70
80
17
30
49
47
35
73
8
15
14
124
47
19
23
45
