47
67
10
11
1441
28
79
77
29
1776
13
1787
41
55
167
35
79
92
140
274
94
38
53
1388
38
32
87
387
32
146
119
78
7606
6
63
52
30
89
41
185
43
52
22
194
98
15
253
17
35
31
40
7
41
111
75
69
49
165
35
20
291
39
3608
50
807
124
78
66
421
119
127
49
49
53
37
428
37
182
29
42
168
56
32
28
468
147
35
114
56
4
4285
59
412
32
41
151
19
259
119
20
52
108
16
71
30
95
208
55
17
41
14
50
400
45
44
49
20
1491
59
724
36
27
10
43
415
100
71
25
83
23
27
289
91
51
8
40
430
41
1187
504
75
2915
8
10
67
170
30
118
41
75
86
5
55
77
100
52
36
42
629
91
2674
11
32
610
48
15
148
36
36
86
17
63
58
17
40
12
61
115
34
106
31
875
54
83
36
31
242
22
46
66
65
4
34
47
56
21
88
73
46
7
209
84
514
11
29
190
97
12
87
170
381
609
843
36
32
862
20
10
25
81
64
32
17
50
139
14
420
38
79
49
38
19
59
117
43
199
636
24
11
35
153
34
28
441
52
46
41
74
53
464
25
86
39
39
83
127
71
42
58
129
93
106
29
27
60
27
56
39
537
34
196
123
62
66
661
97
36
17
57
106
78
102
84
45
136
182
14
156
13
130
70
57
46
180
7
25
85
73
45
162
22
57
131
42
21
45
44
61
418
43
381
45
39
120
43
33
90
81
20
18
108
27
52
87
99
8
138
130
53
85
134
448
12
107
28
39
12
33
28
40
60
35
703
20
425
42
75
69
28
47
33
14
95
50
26
60
391
60
123
40
131
96
11
83
80
69
97
208
36
30
49
304
24
16
76
149
62
104
60
34
41
62
1948
84
806
49
110
46
27
54
106
49
63
608
130
32
52
45
16
1740
23
16
20
41
20
6
77
135
39
58
391
46
18
12
37
50
31
43
20
271
185
8
15
17
46
58
34
28
76
64
62
27
69
55
2979
79
43
132
30
160
75
360
57
25
31
14
50
118
38
411
103
10
35
44
25
42
32
458
38
21
96
36
36
77
17
27
250
429
26
47
277
92
57
65
154
124
20
14
44
257
142
50
101
155
135
31
39
21
51
28
90
144
120
66
362
51
44
32
33
157
61
14
140
48
37
28
198
38
41
11
20
32
36
102
42
32
18
39
64
16
22
367
59
40
47
62
77
160
38
340
37
13
37
29
20
34
245
74
34
11
89
55
40
102
29
165
23
70
67
36
106
34
64
73
40
45
15
111
75
585
43
57
31
62
45
40
18
21
94
59
714
19
55
52
72
27
44
51
193
121
96
9
99
64
18
182
12
118
155
47
8
21
1076
72
113
139
31
394
314
35
68
238
28
33
41
9
45
150
96
28
49
112
51
57
29
95
41
5
44
31
21
16
316
97
48
83
197
74
95
81
60
120
150
36
41
36
213
981
7
55
243
71
113
31
22
57
25
76
7
38
27
32
32
58
14
80
84
446
641
36
45
51
30
69
32
59
35
73
69
62
98
152
86
62
63
50
38
63
57
40
19
35
62
50
6
2
119
83
95
99
48
71
60
38
72
10
12
13
34
78
20
31
12
53
20
60
371
20
107
90
17
105
16
24
50
67
49
45
11
31
61
82
34
25
47
24
181
61
46
31
19
23
32
89
22
143
19
90
38
115
89
13
457
44
40
131
97
165
64
81
97
27
34
37
40
56
27
67
29
38
63
27
28
84
22
17
46
32
57
53
16
257
51
86
411
41
66
18
30
39
98
26
45
52
27
80
99
34
29
173
37
792
48
87
82
56
48
52
22
18
79
96
73
50
71
163
34
28
19
51
30
19
42
24
15
46
413
143
871
75
234
19
11
3
12
45
141
17
23
9
31
167
48
56
409
45
17
26
155
38
36
91
77
238
45
43
52
38
30
20
42
394
46
81
11
76
56
41
14
15
2262
218
20
108
75
37
37
122
42
576
35
112
62
50
24
41
10
329
60
56
59
4
2
35
19
18
76
54
66
45
95
69
34
40
8
21
42
34
69
62
17
28
19
56
102
96
320
82
137
63
34
22
10
21
39
142
85
51
48
90
11
13
290
16
182
50
374
219
21
401
67
15
16
73
63
198
55
121
113
71
84
38
231
157
9
12
86
66
88
63
42
44
117
134
35
23
98
54
70
65
11
15
15
39
68
282
87
118
37
66
40
33
12
113
17
15
56
33
47
35
157
97
41
697
8
18
118
42
668
21
114
170
63
16
13
84
38
193
48
18
586
39
42
17
17
22
16
62
61
29
50
94
151
26
26
244
98
243
27
61
127
40
34
98
22
99
37
30
20
171
35
17
12
37
86
15
16
139
125
63
122
13
441
46
600
53
99
168
10
5
17
38
32
38
52
197
51
117
337
103
389
37
42
25
5
50
39
48
66
174
44
45
15
95
29
43
38
76
860
93
47
235
42
54
26
62
72
20
26
82
21
24
50
78
41
39
802
53
44
29
33
29
68
67
41
42
43
38
11
15
35
63
45
47
11
53
11
43
13
560
33
10
735
47
188
492
32
55
203
16
44
12
9
28
29
219
47
14
25
15
39
58
140
55
21
146
210
46
59
10
12
13
111
114
14
53
18
61
17
42
75
404
314
3
24
10
33
9
44
120
19
69
112
25
54
491
21
119
59
61
19
23
39
22
12
68
42
106
43
15
347
123
59
132
110
49
110
59
23
139
29
38
8
33
28
69
54
31
54
443
52
55
17
30
21
2
64
15
19
48
71
58
32
24
11
21
32
53
84
49
117
28
150
16
24
56
33
23
174
86
78
65
69
303
41
28
122
29
291
31
37
154
18
39
38
51
50
103
296
47
61
29
66
36
40
36
49
7
33
417
32
7
21
71
162
116
172
31
127
18
32
81
35
119
43
68
58
9
55
47
33
51
24
75
77
37
32
10
389
119
257
64
338
30
19
42
47
7
19
46
41
191
431
53
12
24
62
76
41
243
86
80
18
62
42
737
57
63
206
48
14
1
31
57
46
49
25
81
220
53
42
8
64
56
12
20
34
35
68
25
75
44
3
41
38
159
7
25
67
274
47
1
95
33
62
65
59
32
29
17
7
20
413
50
164
6
65
30
28
38
8
28
68
34
20
53
41
184
53
7
11
15
65
31
17
35
107
122
24
20
25
28
56
405
12
7
23
39
120
14
23
17
27
271
20
53
35
38
47
3
38
34
64
50
77
9
21
11
68
109
44
29
86
13
9
185
55
36
86
71
34
48
21
73
74
7
31
60
61
87
29
32
88
64
28
125
21
92
11
54
87
9
61
14
35
153
162
349
7
42
43
55
58
73
59
21
47
6
87
61
31
31
57
55
43
42
43
117
42
11
22
86
24
26
12
19
16
75
35
329
76
39
94
45
29
24
24
33
11
13
53
155
260
37
41
53
60
33
51
62
36
26
23
37
10
14
5
35
82
40
75
59
23
125
139
65
17
53
69
61
37
43
10
20
515
64
26
48
29
126
25
3
19
11
19
78
29
44
12
10
120
47
32
62
340
28
47
40
5
27
12
21
17
36
55
53
29
27
66
45
16
10
4
187
8
197
28
37
38
70
34
9
34
39
90
80
73
37
50
6
26
34
47
34
53
60
95
42
67
40
75
50
30
101
26
27
39
68
67
46
59
5
77
56
89
19
17
62
23
29
13
52
31
9
38
19
89
48
16
102
131
43
21
28
113
22
11
40
28
44
231
47
363
44
29
46
47
77
76
72
156
155
35
315
10
27
76
30
58
22
79
36
66
7
118
20
28
31
81
11
471
31
68
151
60
46
18
25
5
73
52
54
88
112
41
27
24
72
27
24
88
60
115
199
60
61
8
67
56
17
22
57
65
55
21
57
324
43
53
19
22
11
58
10
13
28
31
64
236
43
21
24
22
39
55
82
83
10
27
47
66
102
40
76
44
17
11
25
13
13
47
114
165
50
363
46
13
375
38
51
34
10
23
14
57
20
126
53
23
382
46
67
101
63
10
90
39
25
31
36
10
39
36
82
91
21
8
4
15
24
81
38
202
38
64
10
44
33
147
21
206
36
16
41
203
38
157
6
32
12
22
17
77
73
14
20
27
62
17
98
30
60
21
10
33
104
23
76
104
79
24
41
306
72
76
42
44
9
130
26
22
51
6
106
95
65
68
15
14
21
13
41
45
29
17
127
8
28
17
48
40
63
97
23
20
32
40
34
35
42
52
18
69
26
53
95
25
35
71
390
19
16
26
119
16
76
47
8
36
53
64
37
18
47
46
52
26
85
17
15
22
35
38
42
93
32
37
99
46
91
60
109
36
79
245
27
16
72
272
58
94
31
90
5
16
563
221
45
87
28
56
523
26
333
79
138
86
138
4
66
56
17
71
117
60
23
28
86
83
62
48
29
83
42
36
72
92
321
37
96
14
77
144
31
12
119
80
96
150
45
13
149
8
50
27
69
55
11
96
26
14
41
16
64
152
39
39
188
41
37
34
78
78
70
20
16
46
33
35
130
283
31
22
292
33
55
33
16
31
119
12
34
116
185
110
17
45
52
32
20
63
34
43
190
30
142
16
36
123
57
140
60
69
144
136
21
5
6
37
40
13
76
71
235
12
32
15
22
26
25
164
9
119
10
32
92
72
65
14
44
42
26
33
40
32
35
34
61
55
45
28
30
69
23
85
69
17
23
27
51
102
28
272
105
179
70
54
103
257
16
48
60
18
35
52
36
35
176
33
54
75
34
8
42
56
17
39
56
57
3
3
19
105
145
37
49
33
59
321
22
380
36
81
14
159
140
17
38
17
75
62
20
35
34
10
11
59
37
48
92
49
57
189
129
78
279
60
68
20
228
43
25
30
46
34
15
41
53
26
38
81
19
52
98
118
56
23
19
19
36
17
11
34
29
32
22
8
31
38
16
1
4
74
101
28
17
32
98
94
165
38
20
55
24
18
10
39
93
73
13
30
23
49
42
11
17
35
83
34
120
150
36
9
28
19
55
28
114
13
9
3
44
88
71
38
108
181
79
59
22
31
78
22
106
14
27
67
102
20
75
28
74
63
119
15
296
36
10
37
21
29
57
45
46
76
94
58
41
128
35
30
86
47
25
226
50
60
245
11
26
37
35
12
10
268
15
68
396
6
39
67
33
81
31
11
37
26
83
54
28
7
102
33
17
98
106
56
95
38
20
1
34
30
176
12
19
58
49
38
20
36
66
156
54
158
54
74
45
39
108
58
37
59
35
40
70
53
23
29
30
21
17
29
28
23
178
56
37
44
121
71
42
70
18
34
46
176
65
17
26
52
66
55
35
16
13
20
94
42
52
22
34
72
86
100
242
151
21
39
23
20
42
53
47
101
52
56
42
14
13
52
35
11
133
20
23
62
55
62
235
70
71
25
15
71
37
69
27
101
32
34
29
30
34
84
406
70
34
34
35
45
9
3
53
60
56
92
73
36
159
30
26
72
23
110
4
17
13
63
57
26
31
19
454
43
53
14
6
24
46
32
47
51
28
15
8
36
45
35
34
27
147
62
55
118
33
58
53
17
26
108
49
36
35
27
84
42
34
52
73
61
33
51
66
25
44
80
38
13
35
21
85
50
100
89
29
39
100
66
66
42
45
40
31
37
21
40
77
12
28
95
39
43
52
15
40
39
141
36
36
34
42
43
20
45
22
131
183
186
65
32
28
53
62
51
31
41
21
16
67
58
8
21
44
64
6
49
64
75
150
33
6
52
45
70
156
30
30
21
71
23
382
96
30
30
53
71
46
151
35
100
18
92
74
95
35
56
48
36
26
82
39
62
136
25
28
39
37
14
30
17
52
44
35
84
15
70
54
24
22
18
40
56
24
21
182
48
45
33
20
34
42
266
15
92
153
25
59
16
79
59
44
60
44
3
123
46
17
93
84
57
46
40
28
13
45
24
57
88
80
44
220
34
32
7
53
87
53
35
182
77
53
53
31
97
48
32
73
13
40
73
74
25
103
41
36
9
51
54
93
77
23
31
111
50
46
90
30
28
75
11
71
18
99
111
39
45
45
58
108
54
55
113
27
80
30
24
19
143
58
35
50
26
46
70
277
61
48
40
59
65
170
29
19
15
45
42
74
68
60
39
22
62
34
100
32
322
32
30
13
19
14
10
44
22
73
65
129
43
24
210
67
14
101
32
7
71
44
62
13
18
5
34
27
28
61
17
23
82
58
27
45
39
102
6
45
27
27
9
31
46
23
111
138
41
48
31
144
24
30
18
8
31
36
100
56
71
39
37
18
18
13
91
79
38
13
107
77
44
51
29
4
19
92
23
16
25
12
30
95
142
55
33
40
115
13
29
30
8
182
54
28
54
56
463
14
13
112
53
24
17
7
60
49
70
6
91
50
39
48
52
39
37
17
49
8
67
35
21
30
257
52
38
36
35
14
3
18
34
183
17
68
72
68
20
59
70
42
98
35
72
53
48
9
45
92
74
33
28
126
36
17
82
142
47
101
23
109
20
13
71
27
40
31
40
65
119
8
19
32
25
49
92
5
13
30
69
42
23
54
24
50
87
26
68
39
181
20
9
13
11
49
20
50
45
65
28
20
33
16
62
77
28
24
9
62
85
23
85
107
14
68
37
13
212
38
53
30
55
27
24
36
176
12
15
70
65
55
14
23
130
32
24
25
211
67
35
21
53
102
180
21
63
55
31
35
32
20
47
75
22
61
57
14
61
19
24
11
50
34
48
25
20
12
77
69
41
21
72
50
28
30
163
14
9
20
44
49
20
40
57
62
29
35
6
61
17
8
47
13
139
27
67
52
92
62
49
51
44
73
56
49
183
18
32
39
199
23
36
60
7
46
18
47
61
37
69
138
45
27
135
13
23
15
51
30
55
27
68
38
133
123
79
76
40
43
13
20
44
54
35
14
176
25
99
25
12
59
31
38
31
73
46
51
21
37
47
36
47
53
54
23
21
23
18
46
55
36
30
226
37
20
15
20
48
1
22
6
49
40
10
35
25
17
19
47
79
64
19
20
31
73
19
12
36
61
32
46
77
18
9
105
24
14
54
25
71
47
33
12
41
35
46
31
28
14
99
25
40
26
16
37
152
41
22
55
19
9
83
87
19
6
26
26
17
46
29
78
99
23
78
54
74
144
47
33
26
37
72
21
43
25
45
189
11
267
30
147
24
38
129
18
25
41
32
44
11
16
11
45
41
9
60
46
50
110
76
45
128
88
77
13
13
72
74
49
16
7
85
30
19
14
32
14
27
8
50
54
75
33
60
40
128
16
51
36
111
57
46
35
49
50
49
14
87
94
32
75
31
48
31
39
133
40
149
20
44
49
30
54
35
140
41
31
28
40
21
23
21
28
37
18
5
25
49
16
21
32
33
31
55
60
40
30
5
46
94
22
35
21
39
23
33
37
20
27
26
12
16
124
40
33
72
39
35
57
9
114
26
15
54
45
44
71
18
18
54
109
62
24
27
20
23
36
72
34
12
53
104
41
17
27
19
7
91
50
43
86
40
52
14
41
38
38
30
88
47
112
45
64
44
18
39
20
12
34
140
35
14
3
88
33
43
17
40
12
25
55
52
55
23
34
32
30
80
87
32
146
54
5
26
35
43
46
91
26
38
26
20
40
87
95
8
54
24
10
16
1
24
51
65
68
61
20
101
33
8
10
20
46
7
47
198
15
38
69
61
28
4
18
9
8
35
48
60
44
36
27
44
55
43
24
34
60
58
66
21
66
52
55
33
59
20
135
9
87
40
25
129
47
13
21
34
7
36
24
200
93
65
7
32
8
92
8
71
26
27
37
78
196
88
16
39
36
14
34
33
40
12
24
40
26
30
59
20
98
78
25
107
138
50
68
45
41
29
41
98
62
22
27
52
39
46
44
21
47
74
33
28
54
32
30
30
18
25
21
8
37
97
59
43
35
47
30
98
18
26
43
11
94
47
17
12
26
21
21
20
24
20
14
12
6
31
32
11
20
32
18
39
47
26
27
57
33
9
56
45
26
146
10
28
36
57
18
16
2
32
29
32
7
56
14
8
42
42
91
32
15
69
7
90
114
42
22
60
33
38
16
52
52
8
78
36
95
77
30
30
52
33
48
35
35
50
18
57
44
35
24
31
20
15
44
63
9
19
52
11
41
55
54
26
60
8
29
32
51
42
13
91
77
16
14
39
34
77
45
36
10
14
52
5
71
23
35
20
73
48
88
21
77
100
32
9
13
26
50
122
47
31
110
36
28
100
32
72
72
123
52
76
65
51
41
50
7
7
52
75
5
31
27
12
38
6
34
54
25
75
24
8
43
15
34
39
66
78
30
45
46
56
42
24
18
18
38
29
62
7
28
7
168
25
40
80
70
42
28
43
44
32
61
9
39
4
8
56
20
56
45
38
240
35
25
24
98
76
80
45
84
25
34
17
25
62
83
15
96
41
39
40
63
48
28
27
31
19
4
119
39
49
38
42
55
37
22
5
23
24
46
50
13
27
30
51
86
41
59
50
44
78
54
51
83
51
180
69
138
27
9
35
24
68
50
33
35
33
26
24
138
107
98
42
24
26
49
38
40
50
16
5
35
44
36
18
25
9
9
108
9
67
5
30
48
31
20
71
33
102
38
68
178
59
68
16
41
19
12
30
44
90
47
49
72
15
67
81
39
10
22
31
83
57
33
33
11
21
38
50
42
32
2
49
19
37
99
43
75
22
29
29
38
3
22
30
42
48
17
44
48
24
32
12
16
23
58
52
18
57
27
63
33
81
83
12
8
34
28
68
36
29
36
12
29
68
27
51
41
33
56
40
25
35
45
26
34
27
26
37
26
11
26
43
34
59
27
31
37
39
38
27
18
32
39
63
50
36
52
29
46
11
17
23
39
119
44
41
41
37
12
33
11
10
30
46
81
28
6
2
12
51
57
36
34
91
36
14
22
23
46
52
19
39
74
62
12
34
12
131
48
28
34
48
66
16
14
85
74
46
15
48
54
70
53
154
62
41
34
33
13
37
13
19
22
38
20
6
94
43
27
47
27
2
16
32
47
22
19
41
13
63
67
41
30
28
45
54
13
44
19
25
30
105
105
63
28
19
24
31
19
68
28
35
140
15
30
30
25
68
162
25
30
77
41
10
79
58
40
54
112
135
8
52
52
26
31
111
43
35
56
67
69
10
33
105
50
29
20
15
22
24
144
15
31
85
40
61
19
27
61
62
18
36
70
14
12
97
124
33
24
28
14
14
43
69
25
26
23
52
54
12
17
55
17
62
40
20
22
43
48
30
20
100
68
33
23
55
38
61
51
42
55
15
35
141
60
33
55
42
20
45
44
40
26
26
37
34
78
35
10
10
36
52
66
18
30
42
49
31
54
67
62
51
7
36
75
61
36
46
25
61
10
13
79
42
47
32
29
62
31
46
27
34
48
18
52
36
13
11
35
35
31
15
29
41
25
38
19
51
76
105
65
59
28
54
58
44
97
33
34
66
40
136
22
61
46
40
83
52
57
24
17
21
33
84
37
79
35
30
13
24
39
2
65
32
51
33
37
62
39
47
34
4
72
58
25
15
18
34
46
51
8
12
58
58
59
64
54
2
10
10
39
23
68
44
32
48
19
26
22
37
57
134
46
77
13
64
17
43
38
45
63
23
44
21
31
49
79
50
24
24
28
175
21
56
36
21
34
108
190
57
53
32
68
39
66
28
82
82
4
33
20
19
32
53
37
23
100
39
16
55
27
56
43
6
35
39
86
46
34
39
13
28
66
78
9
48
33
43
11
54
123
39
36
186
33
12
10
14
79
68
21
29
17
89
35
82
44
12
22
28
163
96
44
20
71
16
36
64
51
32
18
24
40
61
35
19
43
42
17
79
37
29
18
33
45
29
34
27
21
36
104
16
42
40
18
114
37
40
47
38
23
51
19
66
26
62
71
7
42
54
8
26
8
48
86
260
3
88
29
4
81
31
6
71
33
21
48
32
16
40
56
44
38
31
113
97
66
39
42
42
69
11
41
10
10
48
36
30
28
7
36
27
116
20
56
5
36
16
89
8
38
21
25
69
35
18
63
53
21
21
112
16
8
84
92
59
279
22
29
68
61
15
46
46
48
29
44
22
13
58
79
63
28
92
18
57
62
16
4
23
57
49
188
14
38
51
150
17
46
95
26
36
32
44
37
126
38
29
30
44
31
32
24
45
19
39
15
42
31
97
28
21
27
24
24
17
21
16
22
46
14
22
12
47
47
30
25
8
20
43
58
5
53
38
80
12
18
12
4
21
65
49
11
16
18
163
100
11
83
56
59
32
29
38
70
37
32
18
29
30
57
6
92
63
10
42
48
29
56
27
62
80
34
8
46
26
46
29
38
23
53
64
53
74
67
53
37
33
56
36
11
14
34
33
33
36
22
19
49
27
19
26
78
7
49
40
37
22
48
30
14
18
76
32
63
31
6
16
6
25
103
24
83
99
20
49
32
162
42
24
44
161
46
93
36
63
30
25
135
44
51
22
66
22
2
25
31
8
20
94
44
6
19
20
13
6
51
10
31
47
68
41
2
28
49
136
41
25
95
18
149
20
15
48
47
66
37
28
28
51
32
35
24
11
17
51
83
34
57
47
40
208
15
37
6
11
54
46
59
13
17
44
48
43
56
37
21
23
106
95
40
49
36
23
58
47
40
31
36
50
17
19
21
55
22
5
94
30
19
33
44
24
67
21
37
80
4
13
55
39
52
24
16
23
40
24
66
21
27
21
26
53
41
50
33
33
16
38
24
19
36
34
39
31
30
32
15
30
54
42
94
22
7
56
48
66
39
52
32
27
70
11
28
12
48
5
4
8
7
16
33
33
9
13
23
24
23
28
19
75
9
18
79
12
43
40
34
127
45
40
13
23
4
57
41
56
18
29
17
59
1
46
2
33
117
6
44
13
8
17
15
35
43
54
8
32
56
16
101
66
19
29
31
56
40
53
108
34
13
39
31
34
81
15
88
23
14
82
22
34
29
28
29
33
24
32
81
33
16
14
24
40
45
20
4
14
44
30
34
38
34
22
36
11
17
15
40
53
22
102
31
21
65
43
24
46
17
31
21
38
8
20
16
34
38
27
26
38
27
4
71
36
20
31
60
62
27
16
33
11
6
16
48
43
6
54
71
18
5
26
50
11
39
48
38
57
9
24
29
52
42
42
20
12
78
100
32
11
13
21
33
11
25
33
14
36
137
52
16
11
56
41
11
39
44
35
15
21
20
4
25
21
56
35
62
29
72
14
27
53
110
9
11
71
36
18
79
38
31
44
13
85
111
12
33
44
92
18
30
11
16
58
51
7
37
43
56
49
70
50
10
24
64
52
39
12
16
15
61
33
36
38
6
55
63
50
31
18
28
16
21
65
23
33
8
67
58
28
31
45
27
16
19
42
51
22
117
60
23
13
20
15
11
32
34
62
30
42
9
52
15
35
4
14
28
22
21
87
55
28
14
80
96
33
32
10
4
29
34
26
29
39
18
4
16
27
28
59
9
50
12
10
19
32
51
49
46
11
55
38
20
12
63
99
15
61
37
55
22
21
13
39
48
8
28
16
69
36
21
21
79
10
9
36
135
82
18
25
10
85
14
16
45
31
37
13
37
17
30
25
13
35
43
20
17
19
9
19
67
38
22
7
18
34
30
3
15
58
16
39
45
111
71
35
53
30
36
44
64
64
13
14
48
13
73
26
29
22
23
33
50
6
11
13
8
43
48
70
8
94
18
14
71
63
70
38
23
51
35
46
58
69
131
60
11
15
36
42
19
37
35
101
58
26
70
27
38
133
14
21
40
37
39
46
30
40
51
26
42
17
24
11
10
18
32
20
36
15
8
34
31
34
5
112
42
19
21
53
38
25
47
35
31
11
72
9
15
67
23
9
30
4
44
37
29
14
32
10
31
49
63
68
38
54
8
9
36
85
25
19
62
62
47
10
50
3
10
26
12
26
35
87
31
30
44
38
23
46
73
79
42
44
18
28
30
49
17
50
28
25
23
9
21
364
59
23
33
53
32
45
82
17
50
50
36
12
57
51
35
56
15
41
83
44
103
6
25
5
11
53
30
94
31
46
29
14
14
33
47
58
85
32
37
112
37
21
27
17
36
18
11
134
24
11
25
17
114
62
12
34
49
62
52
10
19
5
106
51
19
38
5
75
41
8
17
26
9
39
9
31
23
28
33
42
47
41
43
14
19
48
16
92
34
27
61
28
48
20
43
51
2
48
60
11
8
27
35
57
62
39
12
16
39
32
75
41
52
5
34
39
26
7
68
23
50
38
52
19
27
38
44
49
16
28
18
6
74
25
45
50
20
20
37
59
10
35
17
27
29
54
24
22
66
30
59
39
5
19
12
26
127
46
30
62
28
43
28
56
7
12
16
25
18
11
18
51
33
19
10
22
4
2
31
17
32
66
43
15
34
43
22
15
52
41
22
8
15
20
99
54
44
77
54
112
18
31
20
10
32
27
28
35
45
29
44
55
50
20
76
41
44
19
32
68
65
48
23
70
23
21
21
33
47
50
29
25
29
21
20
22
30
31
45
14
5
23
22
34
31
44
37
20
10
13
9
12
13
68
17
21
27
14
57
18
46
26
54
10
10
82
51
25
23
23
42
21
33
32
11
44
15
37
101
45
30
15
30
29
25
27
27
51
46
34
41
37
8
44
9
102
37
32
7
45
4
14
15
26
30
21
24
15
8
21
29
21
31
29
118
116
63
20
35
59
17
27
12
107
26
36
48
29
7
100
27
12
21
29
30
25
9
34
57
68
119
11
11
27
29
18
20
14
65
42
8
10
3
37
4
24
6
10
4
36
25
11
71
32
41
61
47
19
47
38
26
14
19
39
14
78
10
18
44
65
39
38
22
20
61
57
41
9
82
32
32
16
25
44
48
24
50
53
43
13
57
7
55
36
32
19
16
48
18
45
52
9
34
25
60
15
31
27
21
52
81
51
17
15
38
38
18
17
83
10
18
33
31
1
38
41
11
99
38
12
10
13
48
23
27
69
8
31
45
7
22
52
19
25
52
65
33
48
39
29
32
33
20
33
14
54
40
78
90
46
41
15
25
33
74
45
23
29
20
14
8
17
25
29
67
24
55
11
41
31
16
26
34
44
23
6
23
34
11
26
44
16
40
54
13
14
29
10
32
15
81
65
23
37
17
39
38
21
42
13
18
39
22
17
14
20
50
25
54
28
7
13
14
47
60
15
12
33
32
52
64
24
18
10
8
16
63
15
52
16
18
65
23
24
30
26
58
42
65
83
9
9
58
52
105
36
41
17
25
48
43
21
39
17
175
14
17
53
50
16
15
7
6
6
8
30
33
32
11
19
28
26
61
62
59
51
32
69
20
11
82
27
59
66
24
31
32
60
38
28
11
8
41
94
51
27
25
33
24
39
41
25
58
37
33
38
51
28
24
36
25
40
36
8
50
17
10
10
24
21
54
30
41
34
21
63
77
71
25
106
69
110
5
8
60
51
52
62
48
48
32
27
67
15
26
68
52
22
63
34
60
14
45
12
28
67
35
27
4
34
31
14
13
17
30
31
9
36
10
64
81
53
60
45
13
39
14
37
15
10
92
44
12
26
21
32
20
57
26
30
181
8
11
49
22
11
10
38
61
49
50
5
15
28
22
34
20
27
16
29
37
42
24
8
11
7
12
35
51
20
27
10
35
45
20
44
74
23
43
46
46
38
12
7
27
51
22
42
11
6
15
29
69
51
24
44
35
10
115
114
40
4
10
40
22
19
8
16
148
3
49
7
9
17
44
51
23
113
21
13
19
4
47
20
16
4
21
37
9
6
10
28
30
35
32
20
9
108
54
8
25
30
45
39
49
41
11
30
20
22
30
50
11
23
34
46
49
9
16
46
36
51
67
40
87
59
41
36
43
31
13
30
38
50
25
23
13
39
43
40
79
31
39
76
12
33
41
16
46
52
94
54
82
23
12
9
50
42
88
12
5
24
21
108
37
44
13
14
39
36
21
11
9
16
4
32
27
31
19
19
31
27
4
40
5
7
26
11
12
29
27
55
45
5
31
19
59
69
20
29
11
29
14
38
78
39
12
40
38
48
42
53
56
17
41
28
28
26
11
78
29
40
40
6
29
22
27
4
15
72
53
42
47
36
62
59
25
74
56
18
21
67
15
9
33
8
8
28
44
5
22
24
44
48
12
65
3
13
24
17
16
18
49
29
71
16
13
22
13
35
21
38
22
15
43
25
56
21
32
25
27
26
42
4
28
22
45
116
35
20
28
49
4
38
28
52
52
66
31
40
18
58
48
46
25
16
34
91
64
68
23
29
51
13
43
4
11
37
23
25
59
5
35
8
12
31
35
41
66
21
11
16
32
37
34
40
45
10
17
28
54
45
12
21
34
20
51
39
126
11
16
29
115
63
35
26
64
28
65
3
34
38
19
16
23
42
30
41
31
15
39
6
35
30
30
30
37
41
26
11
37
25
64
31
6
11
34
17
17
42
56
21
42
27
26
48
33
12
34
7
28
13
94
114
49
31
33
56
27
14
21
13
10
39
27
15
30
51
24
20
57
57
19
28
6
54
34
50
12
31
88
7
8
12
65
37
24
35
8
30
32
20
18
58
17
85
54
37
30
18
12
21
32
6
12
8
54
63
15
11
10
20
43
4
11
36
45
5
16
17
28
23
42
6
2
31
14
26
67
10
39
18
23
12
29
11
19
17
43
28
20
26
28
33
7
24
8
28
20
8
25
36
14
11
11
23
26
6
16
122
16
24
27
15
20
28
46
34
29
5
18
15
73
25
28
73
24
18
34
37
45
45
8
57
140
36
23
30
21
14
58
68
60
92
74
14
14
22
21
4
19
64
57
19
17
35
87
49
122
37
90
110
54
55
27
39
16
37
62
157
15
35
6
65
46
21
9
10
19
22
6
15
28
190
39
29
54
35
28
36
64
54
73
36
62
29
37
24
19
59
7
7
7
5
22
43
94
86
39
65
13
30
51
51
35
24
44
15
44
16
10
98
11
34
7
14
31
52
12
17
95
36
26
74
71
17
12
61
16
5
8
30
15
18
60
24
10
41
41
29
53
74
19
49
69
34
16
13
33
34
25
27
19
7
29
10
2
24
43
16
32
24
96
15
35
32
3
3
38
6
13
18
58
8
7
43
27
46
32
103
26
24
33
8
19
36
23
13
48
24
47
15
21
15
18
23
176
32
35
18
30
33
18
53
9
16
41
29
109
35
42
36
19
4
52
12
40
5
25
29
52
80
13
45
4
35
29
20
11
30
6
49
38
25
31
32
36
8
25
16
63
56
149
36
43
11
89
54
33
38
50
74
74
39
24
31
65
37
42
23
24
11
42
37
11
19
29
8
32
32
35
50
23
10
19
40
8
35
71
51
31
16
44
9
43
27
37
9
26
49
23
35
30
19
183
28
24
83
18
21
21
45
18
37
70
24
28
42
33
17
37
15
39
47
13
14
9
32
18
44
40
15
7
40
37
62
5
54
9
13
48
17
8
42
31
27
14
6
21
24
26
26
39
14
8
5
52
27
29
52
34
42
46
11
4
50
28
26
13
3
9
17
50
4
23
24
19
38
23
21
52
30
13
38
36
19
23
60
38
21
17
18
19
25
51
30
44
42
40
28
29
7
23
10
26
31
33
28
13
31
50
53
29
28
33
71
45
18
46
53
17
33
27
36
21
31
33
15
39
27
25
60
55
28
20
32
42
15
43
29
30
86
84
3
20
43
41
34
67
31
38
46
4
17
12
5
36
15
17
22
63
14
69
16
27
38
48
17
18
38
12
66
35
19
46
18
43
50
58
20
31
19
18
122
32
55
45
29
12
18
32
16
35
37
9
40
46
90
19
18
25
26
86
8
89
28
34
36
7
87
75
42
35
7
20
12
8
13
29
86
6
31
23
16
2
43
20
41
21
19
36
10
33
35
15
19
21
18
28
24
30
7
19
54
4
19
26
14
45
7
24
24
38
20
47
30
6
25
17
29
23
9
14
13
48
23
51
16
23
15
12
29
34
16
79
28
20
10
84
10
25
13
25
26
5
93
91
30
46
50
11
24
7
9
11
61
12
26
44
54
19
39
33
95
14
61
19
38
2
14
34
15
21
103
78
12
8
36
13
16
15
26
37
37
15
33
13
10
41
9
14
29
37
14
5
43
35
15
23
17
6
40
22
35
12
59
48
19
9
33
53
7
29
35
22
41
5
19
14
16
49
18
61
1
43
18
130
42
18
11
10
26
9
18
39
59
32
12
76
28
26
16
40
88
29
39
19
37
35
22
20
63
13
20
33
46
11
34
81
90
30
32
3
68
11
33
9
19
63
53
15
60
32
28
32
13
65
30
173
30
34
9
36
19
39
45
31
121
15
65
12
15
15
18
14
15
26
12
13
17
10
6
24
37
41
16
37
13
11
19
17
35
29
45
48
16
42
34
17
9
25
6
33
55
107
8
8
26
35
55
28
29
9
15
31
22
6
25
26
64
21
16
55
19
53
34
50
61
17
18
26
33
18
24
33
22
49
32
17
38
4
59
51
35
17
25
18
28
47
65
11
45
12
7
18
15
57
21
32
70
21
21
3
13
100
18
36
37
13
33
32
28
13
51
17
10
82
43
27
32
14
31
20
56
30
54
8
14
36
32
21
40
16
44
23
24
31
23
16
12
51
95
14
29
44
57
70
33
120
48
14
5
12
38
56
44
21
14
16
37
32
18
35
3
67
13
17
49
27
28
22
15
46
15
31
29
36
10
49
41
8
45
42
32
46
11
41
7
36
7
13
52
23
26
52
11
5
24
11
107
194
59
13
36
19
37
60
14
51
28
26
25
15
29
38
40
3
14
44
15
39
37
14
17
6
39
17
11
40
47
16
12
35
23
24
25
46
43
13
14
20
22
34
16
9
26
67
59
49
28
75
21
22
23
41
7
21
29
30
36
29
32
7
31
15
6
21
22
42
27
21
19
38
12
12
39
28
60
28
8
9
37
11
103
44
63
46
36
32
15
97
14
7
10
5
61
31
37
23
50
7
21
41
61
19
3
28
45
25
23
79
32
8
23
33
34
49
44
17
8
15
62
16
30
21
7
28
7
24
17
31
7
54
42
50
41
31
11
10
47
31
2
9
19
38
18
16
29
17
52
11
8
25
36
25
62
14
19
31
21
34
47
16
81
21
62
36
6
8
29
25
26
24
19
37
45
31
6
20
23
16
30
17
11
19
15
17
37
31
41
9
16
31
34
8
24
41
40
98
35
7
7
19
34
25
9
9
65
8
16
69
62
9
22
6
45
21
68
16
47
27
17
20
15
52
53
31
32
24
54
32
18
108
75
45
28
45
12
13
48
22
19
1
21
69
6
2
56
15
26
28
6
56
27
14
6
37
10
26
13
29
4
19
12
38
37
106
37
32
24
39
29
32
23
35
16
1
55
10
17
29
22
29
15
42
31
10
33
19
11
23
28
16
61
51
14
13
50
17
70
27
51
19
12
12
26
34
12
41
13
33
52
46
58
23
50
44
30
72
9
32
21
54
28
28
38
30
36
32
8
55
15
26
49
17
7
85
30
9
38
11
34
3
28
37
16
38
27
17
16
15
32
31
48
21
24
13
1
12
39
9
9
12
35
34
26
21
5
10
10
21
40
34
18
29
19
29
22
4
11
37
34
33
21
46
40
83
36
10
44
13
42
37
25
20
52
6
42
24
96
27
33
37
65
29
34
10
13
35
16
34
34
49
18
39
38
21
12
38
68
22
37
12
17
69
18
27
5
74
20
10
32
16
21
45
14
13
26
8
18
47
30
45
19
15
68
29
21
19
36
8
31
35
12
50
63
20
22
26
11
35
23
19
9
7
4
35
26
25
41
37
13
31
102
18
28
14
34
23
9
18
48
2
18
23
23
25
45
34
14
37
2
21
8
11
10
8
8
25
37
23
29
68
6
35
40
19
5
41
19
57
23
9
12
35
28
15
8
35
24
31
6
44
29
19
40
35
15
47
6
25
66
21
23
25
41
34
24
28
18
21
22
41
59
2
9
32
12
29
43
19
5
21
33
11
13
31
9
33
41
12
38
68
10
18
17
2
33
13
24
26
30
2
15
46
21
64
16
24
35
30
51
23
27
29
14
20
26
54
20
7
23
43
20
11
27
37
51
57
23
44
8
8
32
24
27
21
4
15
27
28
20
16
36
43
64
23
13
104
12
19
49
14
8
24
59
65
46
50
20
15
13
24
46
21
11
11
27
14
19
41
20
22
13
40
19
6
20
40
64
28
11
50
11
17
34
16
10
40
37
21
30
49
22
16
26
28
12
4
25
4
37
3
11
44
57
9
18
38
19
26
25
65
18
32
31
25
30
12
51
46
21
19
18
34
13
107
33
6
10
55
23
37
18
12
21
9
32
34
46
43
28
27
12
19
4
14
19
61
34
5
15
54
10
25
42
9
36
32
34
31
16
4
22
60
42
30
56
13
19
40
90
60
28
6
24
44
34
20
16
29
77
34
5
24
12
24
32
15
36
25
11
27
14
15
4
12
39
27
5
24
65
9
22
27
19
27
12
24
28
24
17
9
28
52
40
19
27
19
21
24
5
7
36
32
48
10
5
7
9
2
12
37
14
12
25
30
38
37
35
14
28
1
47
13
8
32
50
21
30
11
74
27
13
27
74
46
19
32
40
53
75
8
31
32
24
27
28
63
19
34
15
88
36
50
40
33
19
31
26
5
46
22
10
43
14
31
25
34
10
5
62
61
18
30
24
34
15
34
48
16
8
3
8
19
35
12
15
11
5
22
12
27
27
14
20
13
35
14
22
15
15
19
19
40
47
4
11
15
20
5
41
12
15
4
29
42
26
24
41
34
14
27
40
37
7
22
30
25
32
11
2
19
43
7
3
38
19
35
14
99
45
25
35
23
10
53
17
14
27
41
46
68
32
17
8
19
8
19
26
26
15
16
59
49
45
7
36
25
8
36
24
15
31
27
58
17
27
21
11
46
33
27
9
10
12
13
22
23
25
46
11
32
41
32
37
18
19
58
58
41
45
13
25
32
48
17
12
17
28
16
19
34
22
9
10
7
23
9
7
21
45
9
46
55
14
35
30
58
40
18
23
50
25
36
6
18
20
10
13
36
29
53
16
63
35
45
29
19
23
35
72
97
31
18
38
25
29
66
16
31
23
30
11
31
27
11
12
10
4
18
30
32
23
13
17
10
11
31
9
2
22
12
13
23
13
32
7
24
25
35
49
10
9
38
13
30
1
36
59
25
10
19
16
7
27
11
16
32
28
28
8
12
12
13
19
28
21
30
18
7
17
31
25
4
13
33
29
3
64
23
44
28
35
20
14
9
22
16
43
3
10
9
27
20
31
30
36
11
42
52
10
25
36
16
111
17
79
17
19
40
50
16
6
13
50
10
25
44
9
7
10
32
15
39
17
8
11
13
7
42
26
6
24
54
22
50
20
25
26
21
4
34
11
2
14
30
23
7
11
36
28
31
10
13
9
19
27
29
38
16
4
10
7
43
39
52
57
22
14
19
28
12
64
33
63
73
18
13
10
25
31
21
21
9
16
32
37
25
9
15
15
11
26
35
25
34
7
14
8
18
21
24
39
43
11
13
7
35
50
18
63
5
2
49
27
48
48
13
8
38
10
38
13
10
33
48
15
10
17
17
14
8
23
25
31
5
18
26
30
26
9
52
24
39
11
30
66
14
7
19
16
14
32
26
23
11
13
22
4
23
8
10
54
28
63
9
28
26
52
5
28
68
17
28
20
29
15
30
35
21
27
16
22
12
12
18
10
44
20
56
12
6
47
32
26
27
19
19
13
15
15
25
16
45
13
19
18
20
39
9
61
19
8
24
20
19
15
12
13
67
6
36
11
39
23
48
14
7
11
6
21
6
7
7
18
21
42
29
54
33
18
42
22
6
10
42
8
51
10
22
5
30
22
24
16
23
23
14
35
65
46
40
27
25
16
6
9
40
39
20
44
19
8
29
37
5
24
44
21
64
19
76
30
37
12
8
30
13
23
17
41
28
45
31
7
26
21
6
13
10
24
81
46
15
7
19
26
46
18
11
31
30
6
19
33
12
33
33
29
11
22
45
11
35
42
24
36
28
12
39
11
59
13
21
23
36
6
17
25
21
22
24
15
58
11
15
19
10
30
11
17
21
10
66
13
22
22
33
47
6
22
23
14
31
64
60
6
15
36
51
18
11
8
8
23
15
15
14
40
75
15
18
10
29
13
12
22
6
39
11
15
33
55
26
29
22
49
17
15
31
13
34
58
15
17
28
7
10
21
16
36
9
18
63
18
17
14
18
23
4
26
56
8
23
17
25
11
63
76
61
29
21
10
16
15
43
27
29
23
7
12
34
42
28
32
12
30
25
19
18
44
23
43
1
15
8
49
68
6
6
7
29
40
16
24
31
21
49
14
30
40
20
11
25
4
4
24
9
33
46
30
12
19
22
19
34
13
14
11
31
30
18
22
12
33
9
6
34
10
16
25
21
27
27
9
22
35
8
8
19
32
14
20
31
53
14
25
20
12
58
5
21
35
23
51
6
3
40
8
14
20
22
17
18
51
39
23
121
73
5
17
29
14
33
12
50
11
26
42
21
12
18
16
11
23
56
31
37
93
5
20
39
44
3
37
38
10
37
47
21
25
7
18
13
16
30
8
13
21
18
9
13
18
19
27
24
11
10
17
12
30
11
4
57
19
43
17
8
58
30
18
12
35
33
21
11
52
52
9
30
22
5
11
30
26
13
12
12
16
37
6
12
27
35
33
11
11
29
14
26
31
72
45
24
22
12
14
22
65
10
19
16
10
27
13
10
70
20
15
15
37
10
12
13
11
10
23
12
13
8
12
10
7
7
104
21
47
10
18
23
34
10
10
11
41
16
34
38
27
15
19
28
35
9
15
5
20
16
32
22
40
8
17
8
26
11
3
1
17
17
22
21
22
12
48
34
25
28
25
46
55
32
21
7
21
21
33
11
11
36
17
37
10
12
14
33
7
13
41
13
9
4
11
3
13
35
28
7
27
12
3
28
13
31
35
66
19
26
23
9
5
36
43
14
25
16
10
53
5
28
57
48
56
16
18
16
16
11
11
14
20
10
29
17
8
17
15
27
16
21
21
27
13
9
5
20
49
10
12
20
15
23
11
15
9
16
22
34
17
12
20
8
13
21
23
24
74
32
14
28
11
28
17
7
17
13
27
15
36
13
34
37
21
15
38
9
1
3
12
31
24
3
15
18
21
48
36
41
16
12
32
4
6
37
14
24
17
11
43
39
28
10
12
53
10
25
14
19
11
51
43
12
28
11
6
34
48
38
8
7
20
20
11
30
36
23
32
27
7
34
23
1
22
32
16
23
39
27
27
13
45
25
31
34
13
30
33
7
17
24
9
25
39
7
21
24
39
9
25
27
24
11
20
15
19
18
10
10
18
9
28
47
37
15
17
10
12
15
33
12
28
22
11
81
16
37
23
33
30
26
10
5
14
30
61
14
33
10
23
31
28
36
43
37
23
11
17
10
20
23
11
12
6
30
52
19
24
31
8
18
18
26
10
40
18
4
23
30
20
15
28
26
11
28
32
24
8
34
8
7
13
40
20
9
19
46
32
48
29
10
9
13
11
9
32
56
32
60
15
15
64
6
9
24
25
11
29
15
13
30
19
11
13
3
7
36
42
27
21
41
21
25
4
18
19
34
20
15
11
15
28
8
19
12
23
3
57
6
20
33
30
29
34
11
15
13
15
14
41
7
8
22
17
14
11
20
47
12
24
17
6
8
11
25
16
8
16
25
13
26
14
14
21
37
4
18
32
34
28
6
6
5
16
13
12
18
8
7
40
9
20
30
20
27
20
28
30
23
10
49
21
12
23
15
9
41
53
38
10
13
14
9
23
8
12
10
1
43
22
30
47
15
14
17
34
13
4
7
14
9
30
13
12
20
16
13
14
11
23
3
21
58
18
51
37
26
19
9
29
15
12
13
8
15
14
49
30
6
28
34
17
16
16
11
10
21
27
14
19
17
21
19
32
13
11
36
17
27
22
11
6
28
5
17
68
31
35
17
39
17
32
9
9
17
3
13
31
14
41
24
25
19
42
7
16
25
20
14
1
41
7
17
21
30
20
15
19
30
2
22
10
16
26
10
25
30
17
21
7
16
21
9
21
57
52
11
9
8
15
35
22
14
30
29
14
25
30
37
30
17
7
42
34
32
15
31
62
13
11
14
10
10
32
34
52
26
20
10
35
4
26
14
3
25
17
31
32
24
30
12
33
30
14
66
11
14
30
33
5
10
12
19
23
26
46
8
26
2
15
2
15
7
13
22
54
13
13
22
8
8
32
25
23
7
17
23
10
10
16
24
34
13
12
9
4
8
13
18
7
28
15
23
27
11
51
16
44
5
26
20
20
35
10
19
35
3
16
13
20
7
4
6
27
14
62
25
8
57
38
26
14
11
6
33
5
27
23
14
8
38
28
19
19
14
33
11
12
34
9
27
8
7
14
8
30
32
41
14
8
15
14
34
15
44
40
38
5
26
8
9
34
13
3
11
19
6
7
28
8
6
37
37
19
12
11
7
10
12
18
13
28
24
17
25
8
10
31
21
10
7
7
22
9
14
41
14
10
8
10
11
36
7
15
39
10
8
7
21
23
24
4
9
14
63
18
17
45
18
16
7
6
6
23
6
11
38
14
20
9
7
11
8
14
20
29
39
8
22
5
15
3
14
17
27
44
11
15
25
26
28
30
36
19
17
64
13
2
59
27
2
19
10
20
20
24
37
12
12
35
44
41
13
4
6
26
38
20
11
35
60
26
14
13
46
10
18
8
11
41
8
35
21
20
11
13
11
17
16
31
36
17
2
16
48
21
10
6
10
42
3
44
2
32
7
35
9
15
24
9
15
6
10
33
31
9
13
50
8
55
15
36
36
6
12
3
55
4
7
5
17
11
33
5
8
58
22
13
5
8
14
25
3
22
25
22
30
23
16
23
19
13
8
33
8
14
22
10
9
37
17
9
12
10
16
16
40
4
30
31
13
42
11
11
9
52
1
18
19
39
21
15
11
33
20
6
18
18
15
14
6
31
13
26
14
8
24
9
27
6
23
12
3
28
30
31
26
10
10
37
12
12
12
15
11
4
30
11
35
29
29
27
19
14
15
6
8
20
19
44
12
13
24
27
36
18
23
22
10
35
28
31
22
27
30
12
7
15
6
16
10
15
15
26
23
7
48
6
31
26
13
25
26
22
20
11
7
35
18
44
39
21
22
34
6
14
20
10
49
10
14
17
24
15
67
10
13
34
8
25
2
8
16
10
25
23
9
14
49
6
16
15
11
27
44
30
12
16
11
4
33
23
13
16
27
24
18
20
16
17
8
20
20
4
15
21
10
26
26
31
16
11
9
9
7
6
7
11
36
11
12
30
12
12
40
16
10
1
20
27
20
9
15
12
7
32
29
7
6
21
15
22
19
9
8
6
28
3
23
13
18
11
5
5
17
51
34
13
6
30
12
23
35
3
26
29
38
25
24
11
43
4
22
20
6
33
8
47
9
25
4
17
20
28
12
9
9
11
20
22
6
11
31
36
17
7
13
33
4
6
42
27
3
27
7
11
16
11
24
5
7
18
6
3
5
8
9
24
21
18
6
36
40
24
32
43
7
21
59
12
15
22
4
34
8
26
22
15
9
10
7
18
7
5
9
8
17
7
22
15
7
27
11
30
22
24
20
15
5
20
26
9
25
21
23
27
6
9
22
23
19
24
33
18
10
15
22
16
7
10
9
26
38
26
1
24
26
14
35
32
6
27
12
17
10
19
8
11
6
13
16
20
20
38
17
18
39
1
30
10
25
25
10
15
41
16
10
33
12
25
13
26
16
9
32
3
14
26
17
33
10
26
43
13
6
21
15
36
18
13
25
49
22
11
10
8
39
22
16
8
8
37
25
20
3
17
8
14
5
14
17
26
9
10
27
38
38
49
14
13
38
22
7
18
8
12
23
19
13
17
21
6
26
8
11
22
35
15
6
9
18
17
6
6
9
28
24
10
7
17
17
7
9
9
5
11
9
4
8
12
19
30
17
14
7
12
11
10
19
8
12
9
26
30
9
8
2
15
3
35
17
17
32
23
8
8
7
10
3
8
28
27
14
7
33
12
5
1
48
36
14
7
12
5
10
13
20
22
22
22
46
31
26
12
2
4
9
4
25
17
17
10
11
18
25
16
15
15
17
16
17
5
17
51
10
7
18
52
38
8
31
16
9
7
24
33
27
14
8
12
15
25
6
13
11
13
11
3
22
36
38
3
15
14
15
15
1
11
12
55
29
5
43
4
18
12
28
23
16
14
31
16
35
6
6
27
37
14
4
10
6
11
33
7
12
33
8
36
7
53
20
13
7
6
14
14
19
5
10
3
9
21
7
28
35
9
8
22
8
30
37
30
9
1
15
20
10
22
2
13
12
18
10
27
5
7
13
8
10
3
22
7
15
24
8
8
25
11
8
13
11
73
12
5
28
15
9
24
52
16
16
21
15
3
25
17
7
16
2
21
37
13
19
4
5
20
6
12
13
5
32
42
24
6
12
48
22
29
5
3
54
20
12
7
3
6
11
21
8
14
7
14
18
23
5
57
8
6
8
19
10
20
22
2
4
6
29
9
25
6
11
7
27
19
16
15
28
6
10
10
3
25
12
8
17
21
23
36
21
11
13
9
17
22
27
11
6
15
27
12
36
14
8
12
15
6
15
9
15
22
14
23
25
9
9
15
13
7
37
19
8
14
6
4
11
21
12
23
12
9
4
23
11
12
15
61
25
14
13
36
23
7
13
15
27
30
35
5
12
9
7
8
20
10
36
24
26
9
22
22
12
10
9
9
6
13
8
11
17
9
39
23
14
45
11
4
22
29
31
20
7
14
12
29
33
41
58
9
13
11
8
5
7
38
37
22
12
7
7
23
25
14
22
23
10
4
10
33
26
18
12
10
26
19
8
5
10
39
18
21
11
21
15
27
35
7
23
47
9
10
3
17
11
12
21
20
8
23
38
32
6
8
19
21
26
14
39
40
11
11
29
62
6
14
16
26
3
10
9
18
7
18
33
5
20
28
13
12
36
21
24
18
8
10
24
35
23
26
26
7
6
20
19
7
7
17
17
23
28
17
14
35
22
29
8
7
22
29
6
20
23
9
19
26
16
30
31
13
17
8
13
11
24
1
20
18
9
12
14
18
8
25
16
24
27
18
21
3
15
20
6
24
23
11
12
2
21
4
20
5
13
41
5
16
1
37
13
11
19
10
28
21
13
11
11
40
34
11
10
6
17
4
12
12
25
24
34
20
7
10
4
22
9
21
16
10
27
14
10
9
13
20
13
6
16
19
22
31
12
6
8
11
2
12
7
15
6
12
5
26
4
18
30
23
13
18
7
6
5
23
26
7
22
12
18
22
8
12
17
28
15
16
5
12
17
21
7
35
14
28
10
1
32
11
15
9
38
31
5
14
11
33
12
30
6
10
17
19
17
15
3
2
17
8
18
30
7
26
28
11
9
12
13
5
4
4
11
14
4
8
13
6
4
27
8
4
18
11
3
28
18
8
4
4
8
12
8
12
4
7
31
17
9
19
26
10
4
4
6
11
10
11
16
24
27
15
20
39
28
11
23
40
29
15
7
20
8
11
4
10
26
18
25
37
13
5
14
22
13
22
15
27
19
14
13
18
18
10
12
17
7
12
3
13
8
7
10
8
15
20
10
27
10
20
8
3
13
29
11
11
43
8
20
12
13
21
8
5
15
7
18
26
17
14
9
11
9
5
2
9
17
4
14
11
7
11
14
19
13
12
26
7
3
11
14
9
24
5
10
20
1
7
10
25
23
7
13
8
16
11
30
20
13
8
3
6
5
12
6
28
12
18
12
14
9
10
30
19
28
22
42
32
2
13
11
42
7
1
15
8
23
7
18
17
11
5
20
8
10
33
9
16
24
20
6
9
9
24
13
31
23
49
4
8
14
20
16
3
5
2
11
13
3
20
17
19
20
15
4
4
37
12
7
18
4
7
25
11
1
9
19
15
19
11
33
26
6
6
36
11
10
41
13
22
12
11
22
12
13
6
11
9
5
14
10
8
1
21
9
36
11
13
5
7
20
16
23
32
16
7
2
24
12
7
12
15
11
15
26
8
20
9
6
19
10
5
22
16
15
42
18
18
56
1
11
10
12
10
6
13
10
2
8
16
32
7
1
27
7
29
22
15
7
11
15
28
11
18
18
1
26
21
8
10
16
37
11
26
14
18
11
8
6
13
8
6
5
28
13
7
17
9
27
11
11
37
25
33
10
15
17
4
10
15
35
14
19
10
53
4
27
11
5
13
12
24
16
13
3
5
19
26
16
3
11
13
4
12
18
9
4
16
14
6
6
8
11
11
18
12
17
11
13
12
10
8
12
23
9
24
11
12
14
21
45
18
11
4
5
24
10
15
14
15
15
2
18
6
7
9
6
9
12
11
7
22
1
18
8
19
9
10
7
10
11
4
6
11
5
9
4
15
10
16
14
16
11
2
16
12
13
24
7
12
24
20
11
3
12
7
5
13
21
3
46
16
11
25
14
21
33
5
5
9
1
27
8
8
29
23
9
2
6
27
8
21
20
20
11
32
6
2
13
7
15
8
11
9
12
20
32
13
9
31
7
10
11
1
32
23
20
4
10
2
5
9
13
6
19
27
47
18
6
20
20
6
3
14
3
5
10
9
8
8
2
19
10
16
12
4
5
7
15
4
12
20
11
9
31
4
13
17
17
7
12
10
34
5
3
14
15
10
14
7
14
6
21
5
9
12
2
9
12
12
4
18
45
15
27
3
15
11
13
18
13
6
6
13
4
4
20
3
5
14
27
16
2
4
3
7
10
10
8
11
9
3
13
13
19
6
5
4
13
11
7
14
20
26
16
14
25
30
23
8
3
12
9
10
28
17
5
10
15
7
17
3
27
12
28
13
11
10
7
9
25
10
8
8
3
21
12
17
8
7
8
29
16
8
7
10
16
14
7
17
29
18
26
2
6
8
3
13
10
10
8
2
16
21
7
1
11
7
10
13
17
15
10
8
14
9
4
1
13
7
6
9
17
7
5
3
4
17
8
8
2
8
16
21
3
9
5
4
14
13
4
16
10
13
14
23
15
23
10
7
4
10
18
7
20
21
11
11
22
6
11
16
13
13
8
6
40
9
3
12
23
10
13
9
1
16
33
10
8
14
35
32
4
22
12
2
40
3
6
36
19
33
7
11
4
9
10
8
5
8
15
7
13
5
3
16
19
12
13
11
34
34
11
60
9
33
10
1
30
3
5
7
9
24
13
30
13
19
4
28
13
13
6
10
6
18
17
14
18
23
15
32
20
7
5
9
19
14
9
18
23
13
3
5
1
18
7
3
21
14
11
4
8
13
36
10
4
15
20
3
11
5
9
22
13
5
18
10
5
3
7
4
37
1
13
17
24
14
23
12
8
7
9
9
18
8
10
15
8
7
18
16
11
13
8
1
7
4
4
16
6
12
4
28
12
2
11
22
17
5
13
26
7
24
7
28
13
11
7
7
11
7
12
7
4
4
2
5
14
28
5
2
7
5
6
30
9
2
3
5
9
9
21
35
19
7
8
17
22
28
1
6
15
11
10
5
6
4
9
9
15
6
29
8
10
7
4
6
12
9
24
13
4
10
4
7
9
10
14
1
30
7
6
14
4
9
8
3
14
8
11
12
24
8
13
12
11
21
9
2
17
28
10
12
4
3
3
9
19
2
4
11
14
8
3
9
5
6
4
15
10
4
12
6
3
8
53
7
11
14
17
9
3
19
15
1
11
23
3
2
9
15
6
3
24
23
3
15
25
7
12
19
14
17
15
14
7
22
16
6
12
6
5
3
12
6
10
17
3
13
18
22
10
7
13
8
1
16
8
32
16
1
13
7
16
5
7
5
17
4
10
5
12
19
7
8
10
8
40
6
6
1
28
22
31
17
21
11
3
2
12
18
10
7
20
22
6
20
9
10
18
33
5
6
23
8
12
6
3
9
11
19
16
3
9
6
10
2
3
25
5
7
8
14
21
1
16
9
11
12
4
13
22
26
10
16
7
7
15
6
3
6
6
5
6
8
13
16
23
21
12
10
15
26
5
11
10
9
15
6
6
8
13
10
39
27
10
16
22
10
5
18
11
10
8
4
14
21
9
15
8
21
9
28
5
9
14
26
21
4
6
19
14
27
2
3
6
11
12
17
2
2
8
10
10
3
28
18
10
12
35
10
16
7
39
6
9
9
12
9
11
18
4
7
8
6
10
17
10
7
14
13
19
17
7
19
8
4
16
8
3
6
5
7
9
4
13
5
9
11
11
9
20
6
13
19
9
25
5
7
16
15
18
16
14
15
7
2
3
2
10
14
13
14
7
7
13
10
13
7
12
7
8
6
6
30
15
17
11
17
15
15
27
11
7
15
16
3
15
18
9
17
14
10
11
21
7
2
9
16
13
17
2
9
15
10
16
7
24
6
12
3
30
11
4
1
6
9
4
6
7
4
8
14
9
10
9
12
7
12
15
7
5
14
12
10
19
6
4
7
9
8
7
11
7
5
8
5
7
6
5
8
9
10
10
8
20
13
4
14
7
1
3
14
4
13
3
7
7
5
23
5
4
3
11
32
4
14
6
11
9
8
5
17
11
9
7
17
6
15
13
5
4
16
8
3
4
20
11
3
17
6
10
5
9
3
2
12
9
6
14
18
10
13
15
9
6
24
17
6
9
17
9
42
11
7
5
7
14
3
4
10
20
2
13
5
17
12
21
21
8
8
14
2
5
15
19
5
17
24
7
6
6
11
35
31
6
24
9
15
12
13
7
17
8
9
22
10
10
2
2
16
9
19
9
14
11
2
11
17
9
6
14
6
17
6
6
5
2
24
29
5
17
18
11
4
25
12
9
11
8
11
21
12
5
10
1
16
4
8
7
2
6
6
9
20
1
7
9
3
6
8
6
11
8
8
23
10
11
22
13
32
10
9
5
12
4
11
8
11
3
3
21
10
5
4
9
6
11
6
5
9
12
6
10
10
9
9
5
14
6
13
8
10
1
10
6
13
6
9
4
12
3
9
5
5
2
3
1
6
6
10
15
16
6
14
10
2
6
8
11
4
5
11
6
14
15
13
5
1
13
2
13
15
5
5
8
10
2
5
9
8
6
9
7
1
9
20
1
3
11
12
12
5
5
3
7
5
9
8
3
7
10
2
6
10
13
2
4
19
10
6
7
6
6
25
4
8
1
1
12
9
2
10
19
6
4
22
15
9
7
12
6
29
1
8
5
11
9
4
2
3
7
8
18
8
2
9
4
17
3
6
9
8
13
8
24
4
3
2
3
15
2
26
8
10
24
6
6
13
6
6
3
15
2
4
19
9
4
6
4
4
11
14
4
11
6
8
8
6
8
8
10
7
8
4
5
7
11
7
5
5
11
5
18
4
3
4
4
6
7
9
6
15
1
5
5
11
8
8
8
1
9
3
4
1
3
7
5
6
21
9
11
8
7
11
7
8
5
4
10
18
5
8
5
5
12
16
6
10
7
14
4
4
10
13
8
4
10
20
15
15
11
7
13
4
11
10
18
2
5
9
1
2
13
18
9
8
4
8
5
9
8
2
11
6
10
9
9
6
10
1
9
15
8
7
6
11
8
5
1
2
5
9
13
4
6
11
15
7
11
6
13
5
11
15
5
10
11
14
12
9
11
11
1
7
9
5
17
2
3
2
16
11
4
7
7
13
12
8
8
5
14
2
4
1
13
5
7
5
9
3
10
7
5
11
3
6
1
21
14
16
6
2
6
3
6
9
15
3
18
13
1
9
10
4
9
6
8
5
8
5
2
9
1
7
8
4
3
16
3
11
6
5
9
11
4
15
10
14
1
10
6
6
6
7
12
1
15
11
4
2
7
9
9
5
9
3
3
5
8
9
3
1
3
5
2
7
3
5
1
9
11
3
10
17
8
5
7
3
6
9
3
12
4
3
5
2
8
3
2
4
8
2
6
7
11
6
3
4
3
24
5
4
8
13
7
3
7
9
8
7
3
5
2
3
4
8
7
13
9
11
5
7
8
3
2
21
1
1
11
10
8
4
2
3
4
18
12
7
3
8
2
5
1
9
6
11
5
12
1
7
15
6
7
16
7
15
12
10
1
6
15
11
16
13
7
4
2
5
2
4
7
7
16
3
11
11
4
1
5
6
6
13
1
6
2
7
17
6
5
3
10
16
3
3
13
3
4
5
8
10
10
6
5
4
5
9
5
2
21
8
8
1
2
10
4
5
9
4
16
7
14
13
10
4
8
10
6
3
5
3
6
6
12
3
12
8
6
7
5
8
11
5
7
5
4
1
9
11
18
2
12
5
3
3
16
2
6
7
11
3
8
4
5
7
2
8
9
10
6
6
7
6
7
6
5
8
2
2
1
7
1
11
18
3
5
7
4
3
3
5
4
6
7
3
11
3
3
16
10
6
9
22
10
5
1
1
5
3
7
2
6
8
8
2
7
8
4
3
5
3
8
11
7
2
4
5
6
7
7
13
6
8
6
8
2
11
3
7
3
21
18
6
5
10
10
9
2
5
7
8
7
6
2
5
4
14
15
8
3
5
4
9
8
2
5
4
3
13
14
9
4
3
12
6
2
10
5
4
2
7
8
13
3
11
4
4
14
3
4
1
5
8
1
11
4
14
6
4
13
16
9
3
19
3
9
1
13
7
13
12
4
7
6
6
4
3
14
13
13
5
1
4
8
1
9
3
4
5
5
3
7
1
3
4
7
12
5
2
2
5
9
3
7
5
12
5
7
5
1
4
3
12
2
10
3
7
2
7
10
6
2
6
1
22
8
3
3
8
1
4
10
2
4
11
2
5
7
5
10
9
6
8
4
3
14
4
1
6
11
3
6
5
3
4
1
4
3
6
3
11
1
4
2
2
3
5
15
5
2
1
7
13
3
7
7
4
1
1
4
11
4
5
13
5
14
11
1
7
12
3
20
1
2
1
4
5
7
12
3
2
6
7
3
6
6
9
4
11
10
1
4
1
7
3
10
9
2
4
2
2
1
6
3
5
5
1
5
1
3
3
19
4
5
3
2
10
1
8
8
3
12
4
2
11
6
2
6
3
14
14
3
3
2
1
7
6
1
11
7
6
5
1
9
1
2
6
3
7
4
5
9
1
2
3
5
2
7
3
7
7
8
1
6
9
7
3
6
1
4
1
1
9
2
4
3
2
6
5
2
3
13
5
1
3
2
1
3
6
3
9
1
8
2
2
3
6
6
2
11
5
4
3
15
16
6
5
5
19
1
3
7
3
3
1
4
4
7
1
1
5
2
7
6
5
2
7
10
5
9
1
14
1
3
5
6
10
1
2
2
8
4
3
2
2
7
3
7
4
2
7
6
1
9
3
8
1
7
1
3
4
9
7
2
5
1
1
3
1
2
4
7
6
1
4
3
2
6
3
1
4
7
6
1
6
12
5
10
9
3
1
3
2
9
5
5
2
2
1
4
5
3
3
4
3
5
2
2
5
4
2
3
2
15
1
7
5
1
1
3
2
3
8
5
4
3
4
1
2
4
4
10
3
5
10
1
11
8
5
2
2
1
6
5
2
11
4
4
8
4
2
6
2
6
8
4
6
3
2
3
3
1
1
1
1
4
1
2
2
1
3
4
8
1
2
2
3
6
3
1
8
1
2
4
3
7
1
7
5
2
1
4
7
3
1
6
4
1
5
1
2
7
3
9
2
4
1
6
2
3
1
6
1
5
3
1
4
3
3
1
3
2
3
2
2
4
1
1
1
2
6
3
4
5
1
3
10
2
1
5
4
6
1
5
1
4
1
12
1
8
2
5
4
8
2
4
4
2
1
1
1
2
1
3
3
1
4
1
4
3
1
2
9
1
7
3
1
1
6
1
6
4
1
4
4
1
2
3
3
3
4
1
1
1
3
1
2
8
5
2
7
5
2
2
1
8
1
1
2
1
3
1
1
2
3
1
3
1
2
2
1
1
6
1
1
1
2
1
1
3
2
1
4
2
1
2
1
2
1
4
3
2
2
3
1
1
1
1
1
5
3
1
2
6
1
1
4
7
3
3
1
1
3
5
3
3
1
4
1
1
2
1
6
1
1
4
1
1
2
3
3
3
6
1
3
3
1
5
1
3
1
2
1
1
5
3
3
1
2
2
1
1
1
1
6
3
4
3
2
2
2
2
4
2
2
2
3
3
1
3
1
3
1
2
1
1
3
2
3
1
1
1
2
1
1
1
4
1
1
1
2
4
1
1
3
2
2
2
2
1
1
3
1
3
1
5
2
2
1
1
1
1
1
1
2
1
1
1
3
1
1
2
2
2
2
1
1
1
2
2
2
1
2
1
1
1
2
1
1
1
1
2
1
1
1
1
1
1
1
1
2
4
1
1
1
1
1
1
1
1
1
1
1
1
1
2
1
1
1
1
1
1
1
1
1
2
2
1
1
1
1
3
2
2
1
3
1
1
1
1
1
1
1
1
1
2
1
1
1
1
1
1
1
1
2
2
1
1
1
1
1
1
1
1
1
1
1
1
1
2
1
1
1
1
1
1
2
1
1
1
1
1
0
0
0
0
0
0
0
0
0
0
0
0
0
0
0
0
0
0
0
0
0
0
0
0
0
0
0
0
0
0
0
0
0
0
0
